0 0.2890625000000001 0.5 0.24414062500000006 0.5 0.24414062500000006 0.544921875 0.2890625000000001 0.544921875
0 0.318359375 0.3359375 0.27734375 0.3359375 0.27734375 0.380859375 0.318359375 0.380859375
0 0.3828125000000001 0.607421875 0.3339843750000001 0.607421875 0.3339843750000001 0.662109375 0.3828125000000001 0.662109375
0 0.05859375000000004 0.306640625 0.021484375000000035 0.306640625 0.021484375000000038 0.349609375 0.05859375000000004 0.349609375
0 0.04882812500000008 0.6640625 0.0019531250000000815 0.6640625 0.001953125000000084 0.70703125 0.04882812500000008 0.70703125
0 0.4941406250000001 0.7265625 0.4609375000000001 0.7265625 0.4609375000000001 0.771484375 0.4941406250000001 0.771484375
0 0.9765625 0.5527343750000002 0.9375 0.5527343750000002 0.9375 0.6113281250000002 0.9765625 0.6113281250000002
1 0.48437500000000006 0.39062500000000006 0.421875 0.390625 0.42187500000000006 0.73828125 0.4843750000000001 0.73828125
1 0.4746093750000001 0.6640625 0.3652343750000001 0.6640625 0.3652343750000001 0.75 0.4746093750000001 0.75
1 0.2675781250000001 0.66796875 0.13867187500000006 0.66796875 0.13867187500000008 0.76171875 0.2675781250000001 0.76171875
1 0.18359375000000008 0.3671875 0.13867187500000006 0.3671875 0.13867187500000008 0.689453125 0.1835937500000001 0.689453125
1 0.47656250000000006 0.35937500000000006 0.14062500000000006 0.359375 0.14062500000000006 0.49414062500000006 0.4765625000000001 0.4941406250000001
2 0.521484375 0.4062500000000001 0.484375 0.4062500000000001 0.48437500000000006 0.515625 0.521484375 0.515625