5 0.474609375 0.26367187500000006 0.43359375 0.263671875 0.43359375 0.34375000000000006 0.474609375 0.3437500000000001
5 0.412109375 0.2890625 0.375 0.2890625 0.375 0.359375 0.412109375 0.359375
5 0.3828125 0.359375 0.35546875 0.359375 0.35546875 0.4296875 0.3828125 0.4296875
5 0.716796875 0.3496093750000001 0.677734375 0.3496093750000001 0.677734375 0.4238281250000001 0.716796875 0.4238281250000001
5 0.25 0.2734375 0.21484375000000006 0.2734375 0.21484375000000006 0.3515625 0.25 0.3515625
5 0.07812500000000007 0.55078125 0.04492187500000007 0.55078125 0.044921875000000076 0.63671875 0.07812500000000008 0.63671875
5 0.03906250000000006 0.5 0.0019531250000000616 0.5 0.001953125000000067 0.58984375 0.03906250000000007 0.58984375
5 0.04101562500000008 0.66015625 0.0058593750000000815 0.66015625 0.005859375000000085 0.716796875 0.04101562500000008 0.716796875
5 0.01757812500000008 0.609375 7.462691432304184e-17 0.609375 7.857352998435655e-17 0.673828125 0.017578125000000083 0.673828125
0 0.2246093750000001 0.685546875 0.1992187500000001 0.685546875 0.1992187500000001 0.7421875 0.2246093750000001 0.7421875
0 0.4062500000000001 0.482421875 0.3789062500000001 0.482421875 0.3789062500000001 0.556640625 0.4062500000000001 0.556640625
0 0.537109375 0.595703125 0.505859375 0.595703125 0.505859375 0.66015625 0.537109375 0.66015625
0 0.470703125 0.34179687500000006 0.44921875 0.341796875 0.44921875 0.39648437500000006 0.470703125 0.3964843750000001
0 0.359375 0.251953125 0.330078125 0.251953125 0.330078125 0.31640625 0.359375 0.31640625
0 0.19726562500000006 0.337890625 0.16406250000000006 0.337890625 0.16406250000000006 0.400390625 0.19726562500000006 0.400390625
0 0.22656250000000003 0.216796875 0.205078125 0.216796875 0.20507812500000003 0.27734375 0.22656250000000006 0.27734375
0 0.18359375000000003 0.22265625 0.154296875 0.22265625 0.15429687500000003 0.28515625 0.18359375000000006 0.28515625
0 0.08984375000000003 0.15234375 0.06640625000000003 0.15234375 0.06640625000000003 0.205078125 0.08984375000000003 0.205078125
0 0.12695312500000003 0.17578125 0.10156250000000003 0.17578125 0.10156250000000003 0.234375 0.12695312500000006 0.234375
0 0.10742187500000003 0.1875 0.08007812500000003 0.1875 0.08007812500000003 0.2578125 0.10742187500000003 0.2578125
5 0.039062500000000035 0.2421875 0.013671875000000031 0.2421875 0.013671875000000035 0.3046875 0.03906250000000004 0.3046875
5 0.015625000000000035 0.232421875 2.8463470527057626e-17 0.232421875 3.348643591418544e-17 0.314453125 0.01562500000000004 0.314453125
2 0.5234375 0.4082031250000001 0.478515625 0.4082031250000001 0.47851562500000006 0.5234375 0.5234375 0.5234375
5 0.96484375 0.7753906250000002 0.921875 0.7753906250000002 0.921875 0.8671875000000002 0.96484375 0.8671875000000002