0 0.521484375 0.3105468750000001 0.4921875 0.3105468750000001 0.4921875 0.3652343750000001 0.521484375 0.3652343750000001
0 0.556640625 0.3417968750000001 0.529296875 0.3417968750000001 0.529296875 0.4121093750000001 0.556640625 0.4121093750000001
0 0.552734375 0.19531250000000006 0.51953125 0.19531250000000006 0.51953125 0.2558593750000001 0.552734375 0.2558593750000001
0 0.458984375 0.09570312500000006 0.435546875 0.09570312500000006 0.435546875 0.16210937500000006 0.458984375 0.16210937500000006
0 0.306640625 0.04492187500000004 0.28515625 0.04492187500000004 0.28515625 0.10546875000000003 0.306640625 0.10546875000000003
0 0.349609375 0.04101562500000004 0.32421875 0.04101562500000004 0.32421875 0.09375000000000004 0.349609375 0.09375000000000006
0 0.173828125 0.03320312500000002 0.12890625 0.033203125000000014 0.12890625 0.09765625000000003 0.173828125 0.09765625000000003
0 0.04101562500000011 0.876953125 0.013671875000000108 0.876953125 0.013671875000000111 0.943359375 0.04101562500000011 0.943359375
5 0.15820312500000006 0.39453125 0.11914062500000006 0.39453125 0.11914062500000006 0.484375 0.15820312500000006 0.484375
5 0.12890625000000006 0.3515625 0.09570312500000006 0.3515625 0.09570312500000006 0.431640625 0.12890625000000006 0.431640625
5 0.15234375000000006 0.25390625 0.11328125000000003 0.25390625 0.11328125000000004 0.345703125 0.15234375000000006 0.345703125
5 0.20898437500000006 0.310546875 0.17187500000000006 0.310546875 0.17187500000000006 0.390625 0.20898437500000006 0.390625
5 0.09765625000000003 0.140625 0.048828125000000014 0.140625 0.04882812500000002 0.232421875 0.09765625000000003 0.232421875
5 0.98046875 0.5039062500000002 0.943359375 0.5039062500000002 0.943359375 0.6054687500000002 0.98046875 0.6054687500000002
2 0.529296875 0.4179687500000001 0.478515625 0.4179687500000001 0.47851562500000006 0.515625 0.529296875 0.515625
5 0.484375 0.16406250000000006 0.44921875 0.16406250000000006 0.44921875 0.24414062500000006 0.484375 0.24414062500000006
5 0.5 0.10156250000000006 0.462890625 0.10156250000000006 0.462890625 0.19531250000000006 0.5 0.19531250000000006
5 0.546875 0.09570312500000006 0.509765625 0.09570312500000006 0.509765625 0.17968750000000006 0.546875 0.17968750000000006
5 0.353515625 0.08007812500000004 0.3203125 0.08007812500000003 0.3203125 0.16406250000000006 0.353515625 0.16406250000000006
4 0.359375 0.08398437500000004 0.283203125 0.08398437500000003 0.283203125 0.287109375 0.359375 0.287109375
4 0.16796875000000003 0.08984375000000003 0.12109375 0.08984375000000003 0.12109375000000001 0.244140625 0.16796875000000006 0.244140625
4 0.423828125 0.06054687500000005 0.39453125 0.06054687500000004 0.39453125 0.13476562500000006 0.423828125 0.13476562500000006