2 0.533203125 0.4121093750000001 0.470703125 0.4121093750000001 0.47070312500000006 0.5234375 0.533203125 0.5234375
0 0.08203125000000006 0.509765625 0.039062500000000056 0.509765625 0.03906250000000006 0.564453125 0.08203125000000006 0.564453125
0 0.04492187500000008 0.66796875 8.180257916179585e-17 0.66796875 8.527081716719364e-17 0.724609375 0.04492187500000008 0.724609375
0 0.04101562500000003 0.1875 2.296212748401287e-17 0.1875 2.7506715215223752e-17 0.26171875 0.04101562500000003 0.26171875
0 0.947265625 0.5937500000000001 0.904296875 0.59375 0.904296875 0.6816406250000001 0.947265625 0.6816406250000002
0 0.8574218750000002 0.951171875 0.8144531250000002 0.951171875 0.8144531250000002 1 0.8574218750000002 1
0 0.5546875000000001 0.884765625 0.509765625 0.884765625 0.5097656250000001 0.94140625 0.5546875000000002 0.94140625
0 0.3769531250000001 0.90234375 0.3339843750000001 0.90234375 0.3339843750000001 0.966796875 0.3769531250000001 0.966796875
0 0.2812500000000001 0.87109375 0.2343750000000001 0.87109375 0.2343750000000001 0.927734375 0.2812500000000001 0.927734375
0 0.1914062500000001 0.896484375 0.1542968750000001 0.896484375 0.1542968750000001 0.94140625 0.1914062500000001 0.94140625
0 0.673828125 0.02734375000000008 0.625 0.027343750000000076 0.625 0.06640625000000008 0.673828125 0.06640625000000008