5 0.4082031250000001 0.53515625 0.3671875000000001 0.53515625 0.3671875000000001 0.625 0.4082031250000001 0.625
5 0.3828125000000001 0.63671875 0.3496093750000001 0.63671875 0.3496093750000001 0.69921875 0.3828125000000001 0.69921875
5 0.4785156250000001 0.49023437500000006 0.4414062500000001 0.490234375 0.4414062500000001 0.57421875 0.4785156250000001 0.57421875
5 0.783203125 0.623046875 0.7421875 0.623046875 0.7421875 0.703125 0.783203125 0.703125
5 0.24414062500000006 0.5234375 0.20312500000000006 0.5234375 0.20312500000000006 0.599609375 0.24414062500000006 0.599609375
5 0.0878906250000001 0.75 0.0507812500000001 0.75 0.0507812500000001 0.833984375 0.08789062500000011 0.833984375
5 0.08203125000000011 0.833984375 0.0429687500000001 0.833984375 0.042968750000000104 0.90625 0.08203125000000011 0.90625
5 0.03320312500000012 0.935546875 0.0058593750000001145 0.935546875 0.005859375000000119 1 0.033203125000000125 1
5 0.015625000000000118 0.890625 1.0907010554906114e-16 0.890625 1.1528901507598128e-16 0.9921875 0.015625000000000125 0.9921875
0 0.20312500000000006 0.439453125 0.17578125000000006 0.439453125 0.17578125000000006 0.470703125 0.20312500000000006 0.470703125
0 0.07617187500000006 0.41015625 0.058593750000000056 0.41015625 0.058593750000000056 0.443359375 0.07617187500000006 0.443359375
0 0.09179687500000006 0.41015625 0.07617187500000006 0.41015625 0.07617187500000006 0.4296875 0.09179687500000006 0.4296875
0 0.06835937500000006 0.376953125 0.04882812500000004 0.376953125 0.04882812500000005 0.40625 0.06835937500000006 0.40625
0 0.3125 0.16406250000000006 0.29296875 0.16406250000000006 0.29296875 0.19335937500000006 0.3125 0.19335937500000006
0 0.779296875 0.1679687500000001 0.75390625 0.1679687500000001 0.75390625 0.1992187500000001 0.779296875 0.1992187500000001
0 0.4648437500000001 0.58984375 0.4355468750000001 0.58984375 0.4355468750000001 0.619140625 0.4648437500000001 0.619140625
0 0.3945312500000001 0.83203125 0.3769531250000001 0.83203125 0.3769531250000001 0.857421875 0.3945312500000001 0.857421875
0 0.5957031250000002 0.978515625 0.5761718750000002 0.978515625 0.5761718750000002 0.99609375 0.5957031250000002 0.99609375
0 0.3339843750000001 0.484375 0.3105468750000001 0.484375 0.3105468750000001 0.513671875 0.3339843750000001 0.513671875
0 0.017578125000000062 0.490234375 6.003639581757532e-17 0.490234375 6.20695008552223e-17 0.5234375 0.017578125000000062 0.5234375
2 0.5234375 0.4179687500000001 0.474609375 0.4179687500000001 0.47460937500000006 0.513671875 0.5234375 0.513671875