0 0.326171875 0.15234375000000006 0.287109375 0.15234375000000006 0.287109375 0.18554687500000006 0.326171875 0.18554687500000006
0 0.298828125 0.23632812500000006 0.26171875 0.23632812500000006 0.26171875 0.26953125 0.298828125 0.26953125
0 0.275390625 0.267578125 0.23828125000000006 0.267578125 0.23828125000000006 0.30078125 0.275390625 0.30078125
0 0.31640625 0.291015625 0.275390625 0.291015625 0.275390625 0.33203125 0.31640625 0.33203125
0 0.2734375000000001 0.455078125 0.23828125000000006 0.455078125 0.23828125000000006 0.5 0.2734375000000001 0.5
0 0.14453125000000006 0.462890625 0.10742187500000006 0.462890625 0.10742187500000006 0.505859375 0.14453125000000006 0.505859375
0 0.16992187500000006 0.234375 0.13281250000000006 0.234375 0.13281250000000006 0.27734375 0.16992187500000006 0.27734375
0 0.10546875000000008 0.626953125 0.07421875000000008 0.626953125 0.07421875000000008 0.671875 0.10546875000000008 0.671875
6 0.404296875 0.353515625 0.3671875 0.353515625 0.3671875 0.431640625 0.404296875 0.431640625
2 0.5234375 0.4218750000000001 0.482421875 0.4218750000000001 0.48242187500000006 0.515625 0.5234375 0.515625
4 0.470703125 0.23828125000000006 0.421875 0.23828125000000006 0.421875 0.41601562500000006 0.470703125 0.4160156250000001
4 0.55859375 0.3613281250000001 0.5234375 0.3613281250000001 0.5234375 0.4238281250000001 0.55859375 0.4238281250000001
4 0.87109375 0.2558593750000001 0.81640625 0.2558593750000001 0.81640625 0.4160156250000001 0.87109375 0.4160156250000001