0 0.36523437500000006 0.3984375 0.33984375 0.3984375 0.33984375000000006 0.462890625 0.3652343750000001 0.462890625
0 0.3300781250000001 0.47265625 0.3027343750000001 0.47265625 0.3027343750000001 0.525390625 0.3300781250000001 0.525390625
0 0.3222656250000001 0.509765625 0.2968750000000001 0.509765625 0.2968750000000001 0.576171875 0.3222656250000001 0.576171875
0 0.3750000000000001 0.4921875 0.3476562500000001 0.4921875 0.3476562500000001 0.55859375 0.3750000000000001 0.55859375
0 0.4082031250000001 0.65625 0.3789062500000001 0.65625 0.3789062500000001 0.716796875 0.4082031250000001 0.716796875
0 0.3320312500000001 0.703125 0.3066406250000001 0.703125 0.3066406250000001 0.7578125 0.3320312500000001 0.7578125
0 0.3164062500000001 0.759765625 0.2910156250000001 0.759765625 0.2910156250000001 0.822265625 0.3164062500000001 0.822265625
0 0.2246093750000001 0.712890625 0.2011718750000001 0.712890625 0.2011718750000001 0.77734375 0.2246093750000001 0.77734375
0 0.1972656250000001 0.75390625 0.1699218750000001 0.75390625 0.1699218750000001 0.833984375 0.1972656250000001 0.833984375
0 0.23046875000000006 0.48046875 0.21093750000000006 0.48046875 0.21093750000000006 0.537109375 0.23046875000000006 0.537109375
0 0.2734375000000001 0.478515625 0.24218750000000006 0.478515625 0.24218750000000006 0.556640625 0.2734375000000001 0.556640625
0 0.17382812500000006 0.44921875 0.14257812500000006 0.44921875 0.14257812500000006 0.513671875 0.17382812500000006 0.513671875
0 0.16796875000000006 0.5 0.14062500000000006 0.5 0.14062500000000006 0.560546875 0.16796875000000006 0.560546875
0 0.15234375000000006 0.5703125 0.13476562500000006 0.5703125 0.13476562500000006 0.607421875 0.15234375000000006 0.607421875
0 0.16015625000000006 0.607421875 0.14257812500000006 0.607421875 0.14257812500000006 0.654296875 0.16015625000000006 0.654296875
0 0.17968750000000008 0.638671875 0.15625000000000006 0.638671875 0.15625000000000008 0.697265625 0.1796875000000001 0.697265625
0 0.09765625000000008 0.642578125 0.08398437500000008 0.642578125 0.08398437500000008 0.681640625 0.09765625000000008 0.681640625
0 0.08984375000000008 0.66796875 0.06835937500000008 0.66796875 0.06835937500000008 0.72265625 0.08984375000000008 0.72265625
0 0.10156250000000006 0.478515625 0.07226562500000006 0.478515625 0.07226562500000006 0.537109375 0.10156250000000006 0.537109375
0 0.09375000000000011 0.88671875 0.06835937500000011 0.88671875 0.06835937500000011 0.935546875 0.09375000000000011 0.935546875
3 0.24218750000000006 0.23242187500000003 0.19726562500000006 0.232421875 0.19726562500000006 0.3359375 0.24218750000000006 0.3359375
3 0.13085937500000003 0.216796875 0.09375000000000003 0.216796875 0.09375000000000003 0.31640625 0.13085937500000006 0.31640625
3 0.52734375 0.18945312500000006 0.49609375 0.18945312500000006 0.49609375 0.2792968750000001 0.52734375 0.2792968750000001
3 0.505859375 0.13867187500000006 0.466796875 0.13867187500000006 0.466796875 0.23242187500000006 0.505859375 0.23242187500000006
3 0.6015625 0.2714843750000001 0.564453125 0.2714843750000001 0.564453125 0.3613281250000001 0.6015625 0.3613281250000001
3 0.6953125 0.12890625000000008 0.658203125 0.12890625000000006 0.658203125 0.22265625000000008 0.6953125 0.2226562500000001
3 0.732421875 0.12109375000000008 0.69921875 0.12109375000000008 0.69921875 0.2226562500000001 0.732421875 0.2226562500000001
3 0.798828125 0.4140625000000001 0.7578125 0.4140625000000001 0.7578125 0.50390625 0.798828125 0.50390625
3 0.833984375 0.6953125 0.810546875 0.6953125 0.810546875 0.7734375 0.833984375 0.7734375
3 0.630859375 0.6640625 0.595703125 0.6640625 0.595703125 0.73828125 0.630859375 0.73828125
3 0.529296875 0.765625 0.4921875000000001 0.765625 0.4921875000000001 0.841796875 0.529296875 0.841796875
3 0.4785156250000001 0.7578125 0.4414062500000001 0.7578125 0.4414062500000001 0.849609375 0.4785156250000001 0.849609375
3 0.4785156250000001 0.8828125 0.4453125000000001 0.8828125 0.4453125000000001 0.951171875 0.4785156250000001 0.951171875
3 0.4785156250000001 0.96484375 0.4492187500000001 0.96484375 0.4492187500000001 1 0.4785156250000001 1
3 0.3671875000000001 0.892578125 0.3144531250000001 0.892578125 0.3144531250000001 0.970703125 0.3671875000000001 0.970703125
3 0.1894531250000001 0.923828125 0.1386718750000001 0.923828125 0.1386718750000001 1 0.1894531250000001 1
2 0.5234375 0.4160156250000001 0.4765625 0.4160156250000001 0.47656250000000006 0.529296875 0.5234375 0.529296875