4 0.412109375 0.23437500000000006 0.365234375 0.23437500000000006 0.365234375 0.41796875 0.412109375 0.41796875
4 0.49609375 0.35546875000000006 0.451171875 0.35546875 0.451171875 0.41992187500000006 0.49609375 0.4199218750000001
4 0.806640625 0.2226562500000001 0.75390625 0.2226562500000001 0.75390625 0.4296875000000001 0.806640625 0.4296875000000001
6 0.345703125 0.357421875 0.306640625 0.357421875 0.306640625 0.4375 0.345703125 0.4375
0 0.283203125 0.16992187500000006 0.24609375 0.16992187500000006 0.24609375 0.21484375000000006 0.283203125 0.21484375000000006
0 0.26171875 0.24804687500000003 0.21484375000000006 0.248046875 0.21484375000000006 0.287109375 0.26171875 0.287109375
0 0.23632812500000006 0.279296875 0.19921875000000006 0.279296875 0.19921875000000006 0.314453125 0.23632812500000006 0.314453125
0 0.28125 0.296875 0.22656250000000006 0.296875 0.22656250000000006 0.34765625 0.28125 0.34765625
0 0.23437500000000006 0.462890625 0.20312500000000006 0.462890625 0.20312500000000006 0.5078125 0.23437500000000006 0.5078125
0 0.09960937500000006 0.466796875 0.07031250000000006 0.466796875 0.07031250000000006 0.494140625 0.09960937500000006 0.494140625
0 0.13085937500000006 0.23828125 0.09765625000000003 0.23828125 0.09765625000000003 0.283203125 0.13085937500000006 0.283203125
0 0.06445312500000008 0.615234375 0.023437500000000076 0.615234375 0.02343750000000008 0.666015625 0.06445312500000008 0.666015625
2 0.5234375 0.4238281250000001 0.478515625 0.4238281250000001 0.47851562500000006 0.51953125 0.5234375 0.51953125