2 0.52734375 0.4140625000000001 0.4765625 0.4140625000000001 0.47656250000000006 0.521484375 0.52734375 0.521484375
0 0.3808593750000001 0.79296875 0.3281250000000001 0.79296875 0.3281250000000001 0.84375 0.3808593750000001 0.84375
0 0.2363281250000001 0.841796875 0.1972656250000001 0.841796875 0.1972656250000001 0.896484375 0.2363281250000001 0.896484375
0 0.1406250000000001 0.822265625 0.10742187500000011 0.822265625 0.10742187500000011 0.87109375 0.1406250000000001 0.87109375
0 0.06250000000000011 0.853515625 0.021484375000000104 0.853515625 0.021484375000000108 0.90625 0.06250000000000011 0.90625
0 0.6015625000000001 0.884765625 0.560546875 0.884765625 0.5605468750000001 0.93359375 0.6015625000000002 0.93359375
0 0.658203125 0.595703125 0.607421875 0.595703125 0.607421875 0.6484375 0.658203125 0.6484375
0 0.75 0.2539062500000001 0.70703125 0.2539062500000001 0.70703125 0.3066406250000001 0.75 0.3066406250000001
0 0.671875 0.20312500000000006 0.626953125 0.20312500000000006 0.626953125 0.2636718750000001 0.671875 0.2636718750000001
0 0.7109375 0.16796875000000008 0.666015625 0.16796875000000006 0.666015625 0.22656250000000008 0.7109375 0.2265625000000001
0 0.779296875 0.07031250000000008 0.732421875 0.07031250000000008 0.732421875 0.11914062500000008 0.779296875 0.11914062500000008
0 0.4609375 0.20703125000000006 0.41796875 0.20703125000000006 0.41796875 0.25976562500000006 0.4609375 0.2597656250000001
6 0.841796875 0.58203125 0.796875 0.58203125 0.796875 0.6640625 0.841796875 0.6640625
4 0.921875 0.4589843750000001 0.849609375 0.4589843750000001 0.849609375 0.6523437500000001 0.921875 0.6523437500000002