2 0.53125 0.4179687500000001 0.46875 0.4179687500000001 0.46875000000000006 0.521484375 0.53125 0.521484375
0 0.4335937500000001 0.81640625 0.3925781250000001 0.81640625 0.3925781250000001 0.865234375 0.4335937500000001 0.865234375
0 0.779296875 0.5859375 0.734375 0.5859375 0.734375 0.642578125 0.779296875 0.642578125
0 0.7031250000000001 0.90234375 0.65625 0.90234375 0.6562500000000001 0.958984375 0.7031250000000002 0.958984375
0 0.78515625 0.4160156250000001 0.732421875 0.4160156250000001 0.732421875 0.4726562500000001 0.78515625 0.4726562500000001
0 0.783203125 0.3339843750000001 0.736328125 0.3339843750000001 0.736328125 0.3847656250000001 0.783203125 0.3847656250000001
0 0.875 0.1699218750000001 0.818359375 0.1699218750000001 0.818359375 0.2343750000000001 0.875 0.2343750000000001
0 0.78515625 0.10546875000000008 0.74609375 0.10546875000000008 0.74609375 0.1621093750000001 0.78515625 0.1621093750000001
0 0.830078125 0.0781250000000001 0.78515625 0.07812500000000008 0.78515625 0.1308593750000001 0.830078125 0.1308593750000001
0 0.529296875 0.09570312500000006 0.486328125 0.09570312500000006 0.486328125 0.14648437500000006 0.529296875 0.14648437500000006
0 0.2812500000000001 0.84765625 0.2343750000000001 0.84765625 0.2343750000000001 0.8984375 0.2812500000000001 0.8984375
0 0.1875000000000001 0.822265625 0.1503906250000001 0.822265625 0.1503906250000001 0.875 0.1875000000000001 0.875
0 0.10546875000000011 0.857421875 0.05273437500000011 0.857421875 0.05273437500000011 0.908203125 0.10546875000000011 0.908203125
6 0.9296875 0.5332031250000001 0.869140625 0.533203125 0.869140625 0.6347656250000001 0.9296875 0.6347656250000002
4 0.994140625 0.4199218750000001 0.9375 0.4199218750000001 0.9375 0.5996093750000002 0.994140625 0.5996093750000002