0 0.58984375 0.3398437500000001 0.568359375 0.3398437500000001 0.568359375 0.4023437500000001 0.58984375 0.4023437500000001
0 0.568359375 0.3125000000000001 0.5390625 0.3125000000000001 0.5390625 0.3691406250000001 0.568359375 0.3691406250000001
0 0.59375 0.19335937500000006 0.56640625 0.19335937500000006 0.56640625 0.2578125000000001 0.59375 0.2578125000000001
0 0.521484375 0.10937500000000006 0.49609375 0.10937500000000006 0.49609375 0.16406250000000006 0.521484375 0.16406250000000006
0 0.396484375 0.12890625000000006 0.37109375 0.12890625000000006 0.37109375 0.17187500000000006 0.396484375 0.17187500000000006
0 0.41015625 0.03906250000000005 0.38671875 0.03906250000000004 0.38671875 0.09179687500000006 0.41015625 0.09179687500000006
0 0.25 0.029296875000000028 0.203125 0.029296875000000028 0.203125 0.08984375000000003 0.25 0.08984375000000003
5 0.275390625 0.26953125 0.23242187500000006 0.26953125 0.23242187500000006 0.361328125 0.275390625 0.361328125
5 0.23437500000000006 0.23046875000000003 0.19335937500000006 0.23046875 0.19335937500000006 0.318359375 0.23437500000000006 0.318359375
5 0.20703125000000006 0.3125 0.16796875000000006 0.3125 0.16796875000000006 0.380859375 0.20703125000000006 0.380859375
5 0.24414062500000006 0.353515625 0.19140625000000006 0.353515625 0.19140625000000006 0.447265625 0.24414062500000006 0.447265625
5 0.15625 0.12304687500000003 0.11523437500000003 0.12304687500000003 0.11523437500000003 0.203125 0.15625 0.203125
5 0.07617187500000001 0.03320312500000001 0.03515625 0.033203125 0.03515625000000001 0.115234375 0.07617187500000003 0.115234375
5 0.42578125 0.06640625000000006 0.390625 0.06640625000000006 0.390625 0.14453125000000006 0.42578125 0.14453125000000006
5 0.537109375 0.16601562500000006 0.50390625 0.16601562500000006 0.50390625 0.24609375000000006 0.537109375 0.24609375000000006
5 0.564453125 0.09960937500000006 0.513671875 0.09960937500000006 0.513671875 0.17773437500000006 0.564453125 0.17773437500000006
5 0.60546875 0.08593750000000007 0.55078125 0.08593750000000006 0.55078125 0.16992187500000006 0.60546875 0.16992187500000006
4 0.421875 0.04882812500000005 0.34765625 0.04882812500000004 0.34765625 0.23437500000000006 0.421875 0.23437500000000006
4 0.2265625 0.03710937500000002 0.166015625 0.037109375000000014 0.166015625 0.203125 0.2265625 0.203125
4 0.48046875 0.031250000000000056 0.44140625 0.031250000000000056 0.44140625 0.09375000000000006 0.48046875 0.09375000000000006