2 0.51953125 0.4160156250000001 0.48046875 0.4160156250000001 0.48046875000000006 0.509765625 0.51953125 0.509765625
4 0.30859375 0.23828125000000006 0.2578125 0.23828125000000006 0.2578125 0.439453125 0.30859375 0.439453125
4 0.13085937500000006 0.2578125 0.08593750000000003 0.2578125 0.08593750000000004 0.427734375 0.13085937500000006 0.427734375
4 0.38671875 0.23046875000000006 0.359375 0.23046875000000006 0.359375 0.302734375 0.38671875 0.302734375
5 0.51171875 0.23046875000000006 0.482421875 0.23046875000000006 0.482421875 0.2890625000000001 0.51171875 0.2890625000000001
5 0.455078125 0.24218750000000006 0.419921875 0.24218750000000006 0.419921875 0.31250000000000006 0.455078125 0.3125000000000001
5 0.435546875 0.28515625 0.396484375 0.28515625 0.396484375 0.3671875 0.435546875 0.3671875
5 0.984375 0.6933593750000002 0.9453125 0.6933593750000002 0.9453125 0.7792968750000002 0.984375 0.7792968750000002
5 0.294921875 0.20312500000000006 0.267578125 0.20312500000000006 0.267578125 0.271484375 0.294921875 0.271484375
5 0.13281250000000006 0.474609375 0.09765625000000006 0.474609375 0.09765625000000006 0.5546875 0.13281250000000006 0.5546875
5 0.08398437500000008 0.57421875 0.05078125000000007 0.57421875 0.050781250000000076 0.650390625 0.08398437500000008 0.650390625
5 0.06835937500000007 0.53125 0.03320312500000007 0.53125 0.03320312500000007 0.59765625 0.06835937500000008 0.59765625
5 0.10351562500000006 0.427734375 0.060546875000000056 0.427734375 0.06054687500000006 0.51953125 0.10351562500000006 0.51953125
5 0.02148437500000004 0.3046875 3.731345716152092e-17 0.3046875 4.22168281346695e-17 0.384765625 0.02148437500000005 0.384765625
0 0.2832031250000001 0.59765625 0.2578125000000001 0.59765625 0.2578125000000001 0.626953125 0.2832031250000001 0.626953125
0 0.560546875 0.4960937500000001 0.53515625 0.4960937500000001 0.53515625 0.533203125 0.560546875 0.533203125
0 0.46289062500000006 0.42187500000000006 0.44140625 0.421875 0.44140625000000006 0.45507812500000006 0.4628906250000001 0.4550781250000001
0 0.51953125 0.3046875000000001 0.490234375 0.3046875000000001 0.490234375 0.3320312500000001 0.51953125 0.3320312500000001
0 0.408203125 0.21289062500000006 0.38671875 0.21289062500000006 0.38671875 0.24609375000000006 0.408203125 0.24609375000000006
0 0.255859375 0.28515625 0.22656250000000006 0.28515625 0.22656250000000006 0.318359375 0.255859375 0.318359375
0 0.279296875 0.15820312500000006 0.2578125 0.15820312500000006 0.2578125 0.19726562500000006 0.279296875 0.19726562500000006
0 0.244140625 0.16210937500000003 0.2109375 0.162109375 0.2109375 0.21289062500000003 0.244140625 0.21289062500000006
0 0.181640625 0.12109375000000003 0.158203125 0.12109375000000003 0.158203125 0.150390625 0.181640625 0.150390625
0 0.154296875 0.130859375 0.12890625 0.130859375 0.12890625 0.162109375 0.154296875 0.162109375
0 0.14453125 0.10351562500000003 0.1171875 0.10351562500000003 0.11718750000000001 0.126953125 0.14453125 0.126953125
0 0.09765625000000003 0.177734375 0.05664062500000003 0.177734375 0.05664062500000003 0.22265625 0.09765625000000003 0.22265625