0 0.494140625 0.22070312500000006 0.453125 0.22070312500000006 0.453125 0.26367187500000006 0.494140625 0.2636718750000001
0 0.451171875 0.20117187500000006 0.408203125 0.20117187500000006 0.408203125 0.23632812500000006 0.451171875 0.23632812500000006
0 0.470703125 0.15820312500000006 0.427734375 0.15820312500000006 0.427734375 0.20898437500000006 0.470703125 0.20898437500000006
0 0.330078125 0.19921875000000006 0.283203125 0.19921875000000006 0.283203125 0.25 0.330078125 0.25
0 0.4199218750000001 0.5234375 0.3847656250000001 0.5234375 0.3847656250000001 0.5703125 0.4199218750000001 0.5703125
0 0.2851562500000001 0.513671875 0.24609375000000006 0.513671875 0.24609375000000006 0.560546875 0.2851562500000001 0.560546875
0 0.2500000000000001 0.728515625 0.2167968750000001 0.728515625 0.2167968750000001 0.7734375 0.2500000000000001 0.7734375
0 0.14453125000000006 0.583984375 0.11718750000000008 0.583984375 0.11718750000000008 0.619140625 0.14453125000000006 0.619140625
0 0.06054687500000007 0.57421875 0.03125000000000007 0.57421875 0.03125000000000007 0.615234375 0.06054687500000007 0.615234375
2 0.529296875 0.4160156250000001 0.47265625 0.4160156250000001 0.47265625000000006 0.51953125 0.529296875 0.51953125
6 0.646484375 0.3925781250000001 0.60546875 0.3925781250000001 0.60546875 0.4785156250000001 0.646484375 0.4785156250000001
4 0.712890625 0.2636718750000001 0.6640625 0.2636718750000001 0.6640625 0.4511718750000001 0.712890625 0.4511718750000001
6 0.798828125 0.4003906250000001 0.759765625 0.4003906250000001 0.759765625 0.4628906250000001 0.798828125 0.4628906250000001
0 0.904296875 0.4062500000000001 0.865234375 0.4062500000000001 0.865234375 0.4531250000000001 0.904296875 0.4531250000000001