4 0.287109375 0.22851562500000006 0.24218750000000006 0.22851562500000006 0.24218750000000006 0.41796875 0.287109375 0.41796875
4 0.67578125 0.24414062500000006 0.638671875 0.24414062500000006 0.638671875 0.4160156250000001 0.67578125 0.4160156250000001
2 0.5234375 0.4199218750000001 0.474609375 0.4199218750000001 0.47460937500000006 0.521484375 0.5234375 0.521484375
6 0.22656250000000006 0.361328125 0.18164062500000006 0.361328125 0.18164062500000006 0.431640625 0.22656250000000006 0.431640625
0 0.20117187500000003 0.212890625 0.158203125 0.212890625 0.15820312500000003 0.24609375 0.20117187500000006 0.24609375
0 0.18164062500000006 0.271484375 0.14453125000000006 0.271484375 0.14453125000000006 0.3046875 0.18164062500000006 0.3046875
0 0.16406250000000006 0.3046875 0.13085937500000006 0.3046875 0.13085937500000006 0.34375 0.16406250000000006 0.34375
0 0.18945312500000006 0.328125 0.15820312500000006 0.328125 0.15820312500000006 0.361328125 0.18945312500000006 0.361328125
0 0.15234375000000006 0.455078125 0.12500000000000006 0.455078125 0.12500000000000006 0.4921875 0.15234375000000006 0.4921875
0 0.031250000000000056 0.466796875 5.716612988207372e-17 0.466796875 5.907964050574146e-17 0.498046875 0.031250000000000056 0.498046875
0 0.054687500000000035 0.267578125 0.019531250000000035 0.267578125 0.019531250000000035 0.30859375 0.05468750000000004 0.30859375
0 0.861328125 0.529296875 0.8125 0.529296875 0.8125 0.576171875 0.861328125 0.576171875