0 0.388671875 0.24218750000000006 0.337890625 0.24218750000000006 0.337890625 0.28125 0.388671875 0.28125
0 0.400390625 0.267578125 0.365234375 0.267578125 0.365234375 0.3046875 0.400390625 0.3046875
0 0.701171875 0.2500000000000001 0.654296875 0.2500000000000001 0.654296875 0.2949218750000001 0.701171875 0.2949218750000001
0 0.560546875 0.4218750000000001 0.52734375 0.4218750000000001 0.52734375 0.4707031250000001 0.560546875 0.4707031250000001
0 0.12109375000000003 0.171875 0.07421875000000003 0.171875 0.07421875000000003 0.21875 0.12109375000000003 0.21875
0 0.01953125000000006 0.45703125 5.597018574228137e-17 0.45703125 5.800329077992834e-17 0.490234375 0.019531250000000062 0.490234375
1 0.28710937500000006 0.21484375000000006 0.228515625 0.21484375000000006 0.22851562500000003 0.568359375 0.2871093750000001 0.568359375
1 0.2617187500000001 0.470703125 0.16015625000000006 0.470703125 0.16015625000000006 0.572265625 0.2617187500000001 0.572265625
1 0.06835937500000007 0.47265625 5.788369636594912e-17 0.47265625 6.553773886062008e-17 0.59765625 0.06835937500000008 0.59765625
1 0.251953125 0.18750000000000003 2.296212748401287e-17 0.1875 3.025738673674613e-17 0.306640625 0.251953125 0.306640625
2 0.525390625 0.4042968750000001 0.478515625 0.4042968750000001 0.47851562500000006 0.515625 0.525390625 0.515625