2 0.529296875 0.4062500000000001 0.47265625 0.4062500000000001 0.47265625000000006 0.52734375 0.529296875 0.52734375
0 0.46875 0.18750000000000006 0.42578125 0.18750000000000006 0.42578125 0.24023437500000006 0.46875 0.24023437500000006
0 0.66015625 0.17773437500000006 0.6171875 0.17773437500000006 0.6171875 0.23046875000000006 0.66015625 0.23046875000000006
0 0.693359375 0.14257812500000008 0.65234375 0.14257812500000006 0.65234375 0.19335937500000008 0.693359375 0.1933593750000001
0 0.732421875 0.21093750000000008 0.67578125 0.21093750000000006 0.67578125 0.2539062500000001 0.732421875 0.2539062500000001
0 0.759765625 0.03515625000000009 0.712890625 0.03515625000000008 0.712890625 0.07617187500000008 0.759765625 0.07617187500000008
0 0.3906250000000001 0.701171875 0.3437500000000001 0.701171875 0.3437500000000001 0.744140625 0.3906250000000001 0.744140625
0 0.2519531250000001 0.7578125 0.2128906250000001 0.7578125 0.2128906250000001 0.80859375 0.2519531250000001 0.80859375
0 0.1660156250000001 0.740234375 0.11523437500000008 0.740234375 0.11523437500000008 0.791015625 0.1660156250000001 0.791015625
0 0.0859375000000001 0.77734375 0.0390625000000001 0.77734375 0.0390625000000001 0.826171875 0.08593750000000011 0.826171875
0 0.595703125 0.779296875 0.552734375 0.779296875 0.552734375 0.837890625 0.595703125 0.837890625
0 0.6328125 0.509765625 0.58203125 0.509765625 0.58203125 0.56640625 0.6328125 0.56640625
6 0.849609375 0.501953125 0.78515625 0.501953125 0.78515625 0.615234375 0.849609375 0.615234375
4 0.91015625 0.3789062500000001 0.849609375 0.3789062500000001 0.849609375 0.5976562500000001 0.91015625 0.5976562500000002
4 0.9921875 0.5253906250000002 0.951171875 0.5253906250000002 0.951171875 0.6074218750000002 0.9921875 0.6074218750000002