2 0.525390625 0.4160156250000001 0.47265625 0.4160156250000001 0.47265625000000006 0.51953125 0.525390625 0.51953125
1 0.90625 0.1582031250000001 0.865234375 0.1582031250000001 0.865234375 0.548828125 0.90625 0.548828125
1 0.984375 0.4433593750000001 0.8671875 0.4433593750000001 0.8671875 0.5351562500000001 0.984375 0.5351562500000002
1 0.99609375 0.1445312500000001 0.86328125 0.1445312500000001 0.86328125 0.2675781250000001 0.99609375 0.2675781250000001
0 0.10156250000000006 0.453125 0.06640625000000006 0.453125 0.06640625000000006 0.501953125 0.10156250000000006 0.501953125
0 0.08984375000000007 0.5390625 0.05468750000000007 0.5390625 0.05468750000000007 0.58203125 0.08984375000000008 0.58203125
0 0.054687500000000056 0.400390625 0.003906250000000049 0.400390625 0.00390625000000005 0.427734375 0.054687500000000056 0.427734375
0 0.8671875 0.3085937500000001 0.830078125 0.3085937500000001 0.830078125 0.3613281250000001 0.8671875 0.3613281250000001
0 0.4843750000000001 0.9296875 0.4472656250000001 0.9296875 0.4472656250000001 0.96875 0.4843750000000001 0.96875
0 0.2695312500000001 0.970703125 0.2285156250000001 0.970703125 0.2285156250000001 1 0.2695312500000001 1
0 0.2246093750000001 0.80859375 0.1796875000000001 0.80859375 0.1796875000000001 0.849609375 0.2246093750000001 0.849609375
0 0.12304687500000011 0.859375 0.08007812500000011 0.859375 0.08007812500000011 0.896484375 0.12304687500000011 0.896484375