5 0.4277343750000001 0.56640625 0.3906250000000001 0.56640625 0.3906250000000001 0.64453125 0.4277343750000001 0.64453125
5 0.3222656250000001 0.7734375 0.2812500000000001 0.7734375 0.2812500000000001 0.853515625 0.3222656250000001 0.853515625
5 0.2792968750000001 0.90234375 0.2343750000000001 0.90234375 0.2343750000000001 0.978515625 0.2792968750000001 0.978515625
5 0.2148437500000001 0.955078125 0.1660156250000001 0.955078125 0.1660156250000001 1 0.2148437500000001 1
5 0.630859375 0.732421875 0.59375 0.732421875 0.59375 0.802734375 0.630859375 0.802734375
5 0.654296875 0.6328125 0.61328125 0.6328125 0.61328125 0.69921875 0.654296875 0.69921875
5 0.771484375 0.568359375 0.734375 0.568359375 0.734375 0.646484375 0.771484375 0.646484375
0 0.35351562500000006 0.43359375 0.326171875 0.43359375 0.32617187500000006 0.4609375 0.3535156250000001 0.4609375
0 0.3125000000000001 0.4609375 0.2832031250000001 0.4609375 0.2832031250000001 0.5 0.3125000000000001 0.5
0 0.24609375000000006 0.390625 0.22656250000000006 0.390625 0.22656250000000006 0.41796875 0.24609375000000006 0.41796875
0 0.22656250000000006 0.40234375 0.21093750000000006 0.40234375 0.21093750000000006 0.423828125 0.22656250000000006 0.423828125
0 0.21875000000000006 0.35546875 0.19531250000000006 0.35546875 0.19531250000000006 0.390625 0.21875000000000006 0.390625
0 0.16406250000000006 0.49609375 0.12695312500000006 0.49609375 0.12695312500000006 0.53515625 0.16406250000000006 0.53515625
0 0.3261718750000001 0.666015625 0.3085937500000001 0.666015625 0.3085937500000001 0.697265625 0.3261718750000001 0.697265625
0 0.4980468750000001 0.55078125 0.4765625000000001 0.55078125 0.4765625000000001 0.583984375 0.4980468750000001 0.583984375
0 0.74609375 0.72265625 0.720703125 0.72265625 0.720703125 0.75 0.74609375 0.75
0 0.6484375000000002 0.978515625 0.6289062500000002 0.978515625 0.6289062500000002 1 0.6484375000000002 1
0 0.53125 0.03320312500000006 0.50390625 0.033203125000000056 0.50390625 0.05664062500000006 0.53125 0.05664062500000007
4 0.654296875 0.546875 0.6015625 0.546875 0.6015625 0.625 0.654296875 0.625
4 0.564453125 0.578125 0.513671875 0.578125 0.513671875 0.7578125 0.564453125 0.7578125
4 0.3925781250000001 0.57421875 0.3496093750000001 0.57421875 0.3496093750000001 0.75390625 0.3925781250000001 0.75390625
2 0.525390625 0.4140625000000001 0.46875 0.4140625000000001 0.46875000000000006 0.517578125 0.525390625 0.517578125