4 0.3515625 0.22070312500000006 0.287109375 0.22070312500000006 0.287109375 0.40625 0.3515625 0.40625
6 0.283203125 0.359375 0.24023437500000006 0.359375 0.24023437500000006 0.443359375 0.283203125 0.443359375
0 0.24023437500000006 0.31640625 0.20312500000000006 0.31640625 0.20312500000000006 0.361328125 0.24023437500000006 0.361328125
0 0.19335937500000006 0.291015625 0.16015625000000006 0.291015625 0.16015625000000006 0.33203125 0.19335937500000006 0.33203125
0 0.21289062500000006 0.26171875 0.16796875000000006 0.26171875 0.16796875000000006 0.3046875 0.21289062500000006 0.3046875
0 0.24218750000000003 0.19140625000000003 0.201171875 0.19140625 0.20117187500000003 0.23046875000000003 0.24218750000000006 0.23046875000000006
0 0.09375000000000003 0.24609375 0.06054687500000003 0.24609375 0.060546875000000035 0.294921875 0.09375000000000003 0.294921875
0 0.031250000000000076 0.609375 7.462691432304184e-17 0.609375 7.701880260262651e-17 0.6484375 0.03125000000000008 0.6484375
0 0.20507812500000006 0.455078125 0.15820312500000006 0.455078125 0.15820312500000006 0.5 0.20507812500000006 0.5
0 0.06640625000000006 0.455078125 0.035156250000000056 0.455078125 0.035156250000000056 0.48828125 0.06640625000000006 0.48828125
0 0.943359375 0.5273437500000001 0.904296875 0.52734375 0.904296875 0.5742187500000001 0.943359375 0.5742187500000002
2 0.525390625 0.4140625000000001 0.4765625 0.4140625000000001 0.47656250000000006 0.513671875 0.525390625 0.513671875
4 0.7421875 0.2578125000000001 0.705078125 0.2578125000000001 0.705078125 0.4003906250000001 0.7421875 0.4003906250000001