2 0.525390625 0.4199218750000001 0.4765625 0.4199218750000001 0.47656250000000006 0.521484375 0.525390625 0.521484375
5 0.703125 0.22265625000000008 0.65625 0.22265625000000006 0.65625 0.3046875000000001 0.703125 0.3046875000000001
5 0.755859375 0.2148437500000001 0.70703125 0.2148437500000001 0.70703125 0.3125000000000001 0.755859375 0.3125000000000001
5 0.732421875 0.1875000000000001 0.68359375 0.1875000000000001 0.68359375 0.2441406250000001 0.732421875 0.2441406250000001
5 0.83203125 0.10351562500000011 0.794921875 0.10351562500000011 0.794921875 0.1816406250000001 0.83203125 0.1816406250000001
0 0.8359375 0.2324218750000001 0.814453125 0.2324218750000001 0.814453125 0.2753906250000001 0.8359375 0.2753906250000001
0 0.81640625 0.2265625000000001 0.79296875 0.2265625000000001 0.79296875 0.2714843750000001 0.81640625 0.2714843750000001
0 0.720703125 0.14062500000000008 0.6796875 0.14062500000000006 0.6796875 0.17578125000000008 0.720703125 0.1757812500000001
0 0.744140625 0.11718750000000008 0.712890625 0.11718750000000008 0.712890625 0.1484375000000001 0.744140625 0.1484375000000001
0 0.740234375 0.08203125000000008 0.71484375 0.08203125000000008 0.71484375 0.10937500000000008 0.740234375 0.10937500000000008
0 0.765625 0.06054687500000009 0.732421875 0.06054687500000008 0.732421875 0.1269531250000001 0.765625 0.1269531250000001
0 0.8203125 0.0683593750000001 0.79296875 0.06835937500000008 0.79296875 0.1191406250000001 0.8203125 0.11914062500000011
0 0.634765625 0.3789062500000001 0.603515625 0.3789062500000001 0.603515625 0.4589843750000001 0.634765625 0.4589843750000001
0 0.6015625 0.3261718750000001 0.578125 0.3261718750000001 0.578125 0.3945312500000001 0.6015625 0.3945312500000001
0 0.580078125 0.501953125 0.546875 0.501953125 0.546875 0.560546875 0.580078125 0.560546875
5 0.599609375 0.560546875 0.5625 0.560546875 0.5625 0.640625 0.599609375 0.640625
5 0.75390625 0.654296875 0.71484375 0.654296875 0.71484375 0.734375 0.75390625 0.734375
5 0.82421875 0.521484375 0.7734375 0.521484375 0.7734375 0.61328125 0.82421875 0.61328125
5 0.884765625 0.10937500000000011 0.849609375 0.10937500000000011 0.849609375 0.1972656250000001 0.884765625 0.1972656250000001
5 0.908203125 0.06250000000000011 0.8671875 0.06250000000000011 0.8671875 0.1640625000000001 0.908203125 0.1640625000000001
5 0.9453125 0.04687500000000011 0.900390625 0.04687500000000011 0.900390625 0.1289062500000001 0.9453125 0.1289062500000001
5 0.634765625 0.11523437500000008 0.599609375 0.11523437500000008 0.599609375 0.19140625000000006 0.634765625 0.19140625000000006
5 0.62890625 0.029296875000000073 0.587890625 0.02929687500000007 0.587890625 0.12304687500000008 0.62890625 0.12304687500000008