0 0.384765625 0.18945312500000006 0.341796875 0.18945312500000006 0.341796875 0.22460937500000006 0.384765625 0.22460937500000006
0 0.361328125 0.22070312500000006 0.330078125 0.22070312500000006 0.330078125 0.255859375 0.361328125 0.255859375
0 0.3984375 0.25 0.357421875 0.25 0.357421875 0.291015625 0.3984375 0.291015625
0 0.423828125 0.07812500000000006 0.3828125 0.07812500000000006 0.3828125 0.12500000000000006 0.423828125 0.12500000000000006
0 0.25 0.19335937500000003 0.216796875 0.193359375 0.21679687500000003 0.24023437500000003 0.25 0.24023437500000006
0 0.21875000000000006 0.45703125 0.18164062500000006 0.45703125 0.18164062500000006 0.5078125 0.21875000000000006 0.5078125
0 0.3496093750000001 0.466796875 0.3144531250000001 0.466796875 0.3144531250000001 0.51171875 0.3496093750000001 0.51171875
0 0.18359375000000008 0.66015625 0.14843750000000006 0.66015625 0.14843750000000008 0.69140625 0.1835937500000001 0.69140625
0 0.08203125000000006 0.529296875 0.04492187500000007 0.529296875 0.04492187500000007 0.564453125 0.08203125000000006 0.564453125
0 0.740234375 0.3789062500000001 0.703125 0.3789062500000001 0.703125 0.4199218750000001 0.740234375 0.4199218750000001
2 0.525390625 0.4140625000000001 0.4765625 0.4140625000000001 0.47656250000000006 0.509765625 0.525390625 0.509765625
6 0.53125 0.3496093750000001 0.48828125 0.3496093750000001 0.48828125 0.4355468750000001 0.53125 0.4355468750000001
4 0.599609375 0.24609375000000006 0.55078125 0.24609375000000006 0.55078125 0.4082031250000001 0.599609375 0.4082031250000001
4 0.67578125 0.3632812500000001 0.642578125 0.3632812500000001 0.642578125 0.4199218750000001 0.67578125 0.4199218750000001
4 0.9921875 0.2382812500000001 0.947265625 0.2382812500000001 0.947265625 0.3964843750000001 0.9921875 0.3964843750000001