2 0.521484375 0.4179687500000001 0.48046875 0.4179687500000001 0.48046875000000006 0.509765625 0.521484375 0.509765625
0 0.4609375 0.33203125000000006 0.42578125 0.33203125 0.42578125 0.37500000000000006 0.4609375 0.3750000000000001
0 0.369140625 0.34375 0.3359375 0.34375 0.3359375 0.380859375 0.369140625 0.380859375
0 0.3203125 0.31640625 0.2890625 0.31640625 0.2890625 0.345703125 0.3203125 0.345703125
0 0.314453125 0.341796875 0.283203125 0.341796875 0.283203125 0.38671875 0.314453125 0.38671875
0 0.263671875 0.3359375 0.23828125000000006 0.3359375 0.23828125000000006 0.369140625 0.263671875 0.369140625
0 0.23437500000000006 0.30859375 0.20312500000000006 0.30859375 0.20312500000000006 0.345703125 0.23437500000000006 0.345703125
0 0.15625000000000006 0.34375 0.13281250000000006 0.34375 0.13281250000000006 0.376953125 0.15625000000000006 0.376953125
0 0.15429687500000006 0.376953125 0.11914062500000006 0.376953125 0.11914062500000006 0.416015625 0.15429687500000006 0.416015625
0 0.13476562500000006 0.423828125 0.11328125000000006 0.423828125 0.11328125000000006 0.45703125 0.13476562500000006 0.45703125
0 0.16210937500000006 0.46875 0.12695312500000006 0.46875 0.12695312500000006 0.51953125 0.16210937500000006 0.51953125
0 0.19531250000000006 0.466796875 0.16601562500000006 0.466796875 0.16601562500000006 0.51953125 0.19531250000000006 0.51953125
0 0.2734375000000001 0.470703125 0.24804687500000006 0.470703125 0.24804687500000006 0.5078125 0.2734375000000001 0.5078125
0 0.2734375000000001 0.654296875 0.23437500000000006 0.654296875 0.23437500000000008 0.697265625 0.2734375000000001 0.697265625
0 0.3769531250000001 0.701171875 0.3515625000000001 0.701171875 0.3515625000000001 0.736328125 0.3769531250000001 0.736328125
0 0.4023437500000001 0.708984375 0.3769531250000001 0.708984375 0.3769531250000001 0.748046875 0.4023437500000001 0.748046875
0 0.4882812500000001 0.67578125 0.4609375000000001 0.67578125 0.4609375000000001 0.712890625 0.4882812500000001 0.712890625
0 0.2656250000000001 0.724609375 0.2382812500000001 0.724609375 0.2382812500000001 0.771484375 0.2656250000000001 0.771484375
0 0.09179687500000007 0.548828125 0.06250000000000006 0.548828125 0.06250000000000007 0.576171875 0.09179687500000008 0.576171875
0 0.08593750000000008 0.572265625 0.04687500000000007 0.572265625 0.04687500000000007 0.615234375 0.08593750000000008 0.615234375
0 0.07421875000000008 0.62109375 0.04492187500000007 0.62109375 0.044921875000000076 0.642578125 0.07421875000000008 0.642578125
0 0.10742187500000011 0.84375 0.08203125000000011 0.84375 0.08203125000000011 0.884765625 0.10742187500000011 0.884765625
0 0.08789062500000003 0.310546875 0.07031250000000003 0.310546875 0.07031250000000003 0.337890625 0.08789062500000003 0.337890625
0 0.375 0.14648437500000006 0.34765625 0.14648437500000006 0.34765625 0.18554687500000006 0.375 0.18554687500000006
3 0.677734375 0.685546875 0.6328125 0.685546875 0.6328125 0.765625 0.677734375 0.765625
3 0.82421875 0.572265625 0.791015625 0.572265625 0.791015625 0.66796875 0.82421875 0.66796875
3 0.62890625 0.748046875 0.580078125 0.748046875 0.580078125 0.830078125 0.62890625 0.830078125
3 0.6074218750000001 0.87890625 0.580078125 0.87890625 0.5800781250000001 0.955078125 0.6074218750000002 0.955078125
3 0.5937500000000002 0.96484375 0.5683593750000002 0.96484375 0.5683593750000002 1 0.5937500000000002 1
3 0.4472656250000001 0.8828125 0.4082031250000001 0.8828125 0.4082031250000001 0.95703125 0.4472656250000001 0.95703125
3 0.2246093750000001 0.87890625 0.1894531250000001 0.87890625 0.1894531250000001 0.962890625 0.2246093750000001 0.962890625
3 0.796875 0.0429687500000001 0.7578125 0.0429687500000001 0.7578125 0.1191406250000001 0.796875 0.11914062500000011
4 0.5546875 0.2851562500000001 0.505859375 0.2851562500000001 0.505859375 0.4785156250000001 0.5546875 0.4785156250000001
4 0.625 0.4316406250000001 0.59375 0.4316406250000001 0.59375 0.599609375 0.625 0.599609375
4 0.4687500000000001 0.5 0.4394531250000001 0.5 0.4394531250000001 0.671875 0.4687500000000001 0.671875