4 0.32421875 0.16406250000000006 0.255859375 0.16406250000000006 0.255859375 0.3359375 0.32421875 0.3359375
4 0.40234375 0.13281250000000006 0.375 0.13281250000000006 0.375 0.20898437500000006 0.40234375 0.20898437500000006
4 0.13671875000000003 0.1640625 0.08593750000000003 0.1640625 0.08593750000000003 0.33203125 0.13671875000000006 0.33203125
0 0.12304687500000001 0.09179687500000001 0.083984375 0.091796875 0.08398437500000001 0.162109375 0.12304687500000003 0.162109375
0 0.19140625 0.06640625000000003 0.1640625 0.06640625000000003 0.1640625 0.11718750000000003 0.19140625 0.11718750000000003
0 0.208984375 0.05468750000000003 0.185546875 0.05468750000000003 0.185546875 0.10351562500000003 0.208984375 0.10351562500000003
0 0.181640625 0.02148437500000002 0.15234375 0.02148437500000002 0.15234375 0.07617187500000003 0.181640625 0.07617187500000003
0 0.271484375 0.09179687500000003 0.244140625 0.09179687500000003 0.244140625 0.15429687500000006 0.271484375 0.15429687500000006
0 0.30859375 0.08203125000000003 0.28515625 0.08203125000000003 0.28515625 0.14453125000000006 0.30859375 0.14453125000000006
0 0.431640625 0.14062500000000006 0.40234375 0.14062500000000006 0.40234375 0.21679687500000006 0.431640625 0.21679687500000006
0 0.529296875 0.2500000000000001 0.5 0.2500000000000001 0.5 0.3007812500000001 0.529296875 0.3007812500000001
0 0.548828125 0.4042968750000001 0.525390625 0.4042968750000001 0.525390625 0.4667968750000001 0.548828125 0.4667968750000001
0 0.48828125 0.3535156250000001 0.46484375 0.3535156250000001 0.46484375 0.4023437500000001 0.48828125 0.4023437500000001
0 0.3203125000000001 0.48828125 0.2910156250000001 0.48828125 0.2910156250000001 0.5546875 0.3203125000000001 0.5546875
5 0.11523437500000006 0.47265625 0.07812500000000006 0.47265625 0.07812500000000006 0.55078125 0.11523437500000006 0.55078125
5 0.09179687500000006 0.4296875 0.058593750000000056 0.4296875 0.05859375000000006 0.513671875 0.09179687500000006 0.513671875
5 0.16210937500000006 0.380859375 0.12890625000000006 0.380859375 0.12890625000000006 0.462890625 0.16210937500000006 0.462890625
5 0.13867187500000006 0.34375 0.08789062500000006 0.34375 0.08789062500000006 0.4140625 0.13867187500000006 0.4140625
5 0.046875000000000035 0.212890625 0.005859375000000026 0.212890625 0.00585937500000003 0.2890625 0.04687500000000004 0.2890625
5 0.328125 0.14062500000000006 0.2890625 0.14062500000000006 0.2890625 0.20312500000000006 0.328125 0.20312500000000006
2 0.5234375 0.4199218750000001 0.474609375 0.4199218750000001 0.47460937500000006 0.517578125 0.5234375 0.517578125
5 0.97265625 0.5937500000000002 0.9375 0.5937500000000002 0.9375 0.6796875000000002 0.97265625 0.6796875000000002
5 0.529296875 0.15429687500000006 0.486328125 0.15429687500000006 0.486328125 0.23242187500000006 0.529296875 0.23242187500000006
5 0.47265625 0.16210937500000006 0.435546875 0.16210937500000006 0.435546875 0.24804687500000006 0.47265625 0.24804687500000006
5 0.458984375 0.22851562500000006 0.41796875 0.22851562500000006 0.41796875 0.31054687500000006 0.458984375 0.3105468750000001