2 0.525390625 0.4179687500000001 0.4765625 0.4179687500000001 0.47656250000000006 0.5078125 0.525390625 0.5078125
0 0.322265625 0.24414062500000006 0.279296875 0.24414062500000006 0.279296875 0.291015625 0.322265625 0.291015625
0 0.341796875 0.21093750000000006 0.296875 0.21093750000000006 0.296875 0.25390625 0.341796875 0.25390625
0 0.357421875 0.275390625 0.318359375 0.275390625 0.318359375 0.310546875 0.357421875 0.310546875
0 0.375 0.12890625000000006 0.33984375 0.12890625000000006 0.33984375 0.16210937500000006 0.375 0.16210937500000006
0 0.21093750000000003 0.21875 0.173828125 0.21875 0.17382812500000003 0.2578125 0.21093750000000006 0.2578125
0 0.3164062500000001 0.46484375 0.2812500000000001 0.46484375 0.2812500000000001 0.5 0.3164062500000001 0.5
0 0.17578125000000006 0.46484375 0.14453125000000006 0.46484375 0.14453125000000006 0.5 0.17578125000000006 0.5
0 0.14062500000000006 0.642578125 0.10742187500000008 0.642578125 0.10742187500000008 0.67578125 0.14062500000000006 0.67578125
0 0.04492187500000007 0.529296875 0.011718750000000066 0.529296875 0.011718750000000068 0.564453125 0.04492187500000007 0.564453125
0 0.658203125 0.3925781250000001 0.625 0.3925781250000001 0.625 0.4238281250000001 0.658203125 0.4238281250000001
6 0.470703125 0.33984375000000006 0.431640625 0.33984375 0.431640625 0.43554687500000006 0.470703125 0.4355468750000001
4 0.537109375 0.2500000000000001 0.4921875 0.2500000000000001 0.4921875 0.4179687500000001 0.537109375 0.4179687500000001
4 0.6171875 0.3574218750000001 0.583984375 0.3574218750000001 0.583984375 0.4179687500000001 0.6171875 0.4179687500000001
4 0.9296875 0.2441406250000001 0.896484375 0.2441406250000001 0.896484375 0.4062500000000001 0.9296875 0.4062500000000001