3 0.5859375 0.14648437500000006 0.55078125 0.14648437500000006 0.55078125 0.23242187500000006 0.5859375 0.23242187500000006
3 0.5546875 0.10742187500000006 0.521484375 0.10742187500000006 0.521484375 0.17968750000000006 0.5546875 0.17968750000000006
3 0.765625 0.10156250000000008 0.736328125 0.10156250000000008 0.736328125 0.1894531250000001 0.765625 0.1894531250000001
3 0.810546875 0.1191406250000001 0.7734375 0.11914062500000008 0.7734375 0.2031250000000001 0.810546875 0.2031250000000001
3 0.6796875 0.24804687500000006 0.646484375 0.24804687500000006 0.646484375 0.3437500000000001 0.6796875 0.3437500000000001
3 0.875 0.4257812500000001 0.841796875 0.4257812500000001 0.841796875 0.501953125 0.875 0.501953125
3 0.919921875 0.7128906250000001 0.880859375 0.712890625 0.880859375 0.7832031250000001 0.919921875 0.7832031250000002
3 0.703125 0.697265625 0.66796875 0.697265625 0.66796875 0.771484375 0.703125 0.771484375
3 0.57421875 0.767578125 0.537109375 0.767578125 0.537109375 0.83984375 0.57421875 0.83984375
3 0.541015625 0.8046875 0.505859375 0.8046875 0.505859375 0.892578125 0.541015625 0.892578125
3 0.5390625000000002 0.93359375 0.4980468750000001 0.93359375 0.4980468750000001 1 0.5390625000000002 1
3 0.3964843750000001 0.93359375 0.3613281250000001 0.93359375 0.3613281250000001 1 0.3964843750000001 1
3 0.2089843750000001 0.96484375 0.1738281250000001 0.96484375 0.1738281250000001 1 0.2089843750000001 1
3 0.26953125 0.21093750000000003 0.22265625 0.2109375 0.22265625000000003 0.314453125 0.26953125 0.314453125
3 0.16406250000000003 0.21484375 0.12109375000000003 0.21484375 0.12109375000000003 0.291015625 0.16406250000000006 0.291015625
3 0.06250000000000006 0.486328125 0.044921875000000056 0.486328125 0.04492187500000006 0.56640625 0.06250000000000006 0.56640625
0 0.19140625000000006 0.45703125 0.15039062500000006 0.45703125 0.15039062500000006 0.494140625 0.19140625000000006 0.494140625
0 0.2558593750000001 0.4921875 0.22656250000000006 0.4921875 0.22656250000000006 0.525390625 0.2558593750000001 0.525390625
0 0.2929687500000001 0.50390625 0.2656250000000001 0.50390625 0.2656250000000001 0.52734375 0.2929687500000001 0.52734375
0 0.3457031250000001 0.48046875 0.3222656250000001 0.48046875 0.3222656250000001 0.515625 0.3457031250000001 0.515625
0 0.380859375 0.390625 0.349609375 0.390625 0.349609375 0.435546875 0.380859375 0.435546875
0 0.3867187500000001 0.51171875 0.3593750000000001 0.51171875 0.3593750000000001 0.548828125 0.3867187500000001 0.548828125
0 0.3476562500000001 0.513671875 0.3066406250000001 0.513671875 0.3066406250000001 0.5546875 0.3476562500000001 0.5546875
0 0.20898437500000006 0.6015625 0.18945312500000006 0.6015625 0.18945312500000006 0.623046875 0.20898437500000006 0.623046875
0 0.19726562500000006 0.6171875 0.18554687500000006 0.6171875 0.18554687500000006 0.638671875 0.19726562500000006 0.638671875
0 0.21484375000000006 0.63671875 0.19531250000000006 0.63671875 0.19531250000000006 0.658203125 0.21484375000000006 0.658203125
0 0.18750000000000006 0.515625 0.15429687500000006 0.515625 0.15429687500000006 0.5390625 0.18750000000000006 0.5390625
0 0.09570312500000007 0.5390625 0.06054687500000007 0.5390625 0.06054687500000007 0.568359375 0.09570312500000008 0.568359375
0 0.11523437500000006 0.4921875 0.09179687500000006 0.4921875 0.09179687500000006 0.517578125 0.11523437500000006 0.517578125
0 0.08984375000000008 0.63671875 0.06835937500000008 0.63671875 0.06835937500000008 0.669921875 0.08984375000000008 0.669921875
0 0.11718750000000008 0.662109375 0.09960937500000008 0.662109375 0.09960937500000008 0.681640625 0.11718750000000008 0.681640625
0 0.10546875000000008 0.6875 0.09179687500000008 0.6875 0.09179687500000008 0.7109375 0.10546875000000008 0.7109375
0 0.07812500000000008 0.703125 0.04687500000000008 0.703125 0.04687500000000008 0.728515625 0.07812500000000008 0.728515625
0 0.08593750000000008 0.576171875 0.06835937500000008 0.576171875 0.06835937500000008 0.607421875 0.08593750000000008 0.607421875
0 0.2519531250000001 0.7421875 0.2167968750000001 0.7421875 0.2167968750000001 0.78125 0.2519531250000001 0.78125
0 0.3691406250000001 0.74609375 0.3398437500000001 0.74609375 0.3398437500000001 0.779296875 0.3691406250000001 0.779296875
0 0.3535156250000001 0.8125 0.3339843750000001 0.8125 0.3339843750000001 0.841796875 0.3535156250000001 0.841796875
0 0.4453125000000001 0.708984375 0.4218750000000001 0.708984375 0.4218750000000001 0.73828125 0.4453125000000001 0.73828125
0 0.12304687500000011 0.919921875 0.09570312500000011 0.919921875 0.09570312500000011 0.947265625 0.12304687500000011 0.947265625
2 0.517578125 0.4238281250000001 0.482421875 0.4238281250000001 0.48242187500000006 0.51171875 0.517578125 0.51171875
4 0.4824218750000001 0.45507812500000006 0.4531250000000001 0.455078125 0.4531250000000001 0.625 0.4824218750000001 0.625
4 0.56640625 0.59375 0.525390625 0.59375 0.525390625 0.76953125 0.56640625 0.76953125
4 0.4082031250000001 0.669921875 0.3750000000000001 0.669921875 0.3750000000000001 0.83984375 0.4082031250000001 0.83984375
4 0.2480468750000001 0.783203125 0.2109375000000001 0.783203125 0.2109375000000001 0.89453125 0.2480468750000001 0.89453125