2 0.53125 0.4140625000000001 0.470703125 0.4140625000000001 0.47070312500000006 0.5234375 0.53125 0.5234375
0 0.4648437500000001 0.541015625 0.4199218750000001 0.541015625 0.4199218750000001 0.591796875 0.4648437500000001 0.591796875
0 0.3300781250000001 0.521484375 0.2851562500000001 0.521484375 0.2851562500000001 0.56640625 0.3300781250000001 0.56640625
0 0.18750000000000006 0.580078125 0.15234375000000006 0.580078125 0.15234375000000006 0.63671875 0.18750000000000006 0.63671875
0 0.10351562500000008 0.576171875 0.07226562500000008 0.576171875 0.07226562500000008 0.63671875 0.10351562500000008 0.63671875
0 0.02734375000000008 0.615234375 7.534448080691724e-17 0.615234375 7.797555791446038e-17 0.658203125 0.027343750000000083 0.658203125
0 0.3027343750000001 0.7421875 0.2578125000000001 0.7421875 0.2578125000000001 0.8125 0.3027343750000001 0.8125
0 0.53515625 0.12500000000000006 0.474609375 0.12500000000000006 0.474609375 0.16015625000000006 0.53515625 0.16015625000000006
0 0.50390625 0.15429687500000006 0.462890625 0.15429687500000006 0.462890625 0.19531250000000006 0.50390625 0.19531250000000006
0 0.552734375 0.17382812500000006 0.49609375 0.17382812500000006 0.49609375 0.23046875000000006 0.552734375 0.23046875000000006
0 0.58984375 0.02148437500000007 0.546875 0.02148437500000007 0.546875 0.04492187500000007 0.58984375 0.04492187500000007
0 0.369140625 0.16601562500000006 0.3359375 0.16601562500000006 0.3359375 0.21093750000000006 0.369140625 0.21093750000000006
0 0.986328125 0.4101562500000001 0.95703125 0.4101562500000001 0.95703125 0.4472656250000001 0.986328125 0.4472656250000001
6 0.708984375 0.3925781250000001 0.669921875 0.3925781250000001 0.669921875 0.4804687500000001 0.708984375 0.4804687500000001
4 0.77734375 0.2675781250000001 0.73046875 0.2675781250000001 0.73046875 0.4648437500000001 0.77734375 0.4648437500000001
4 0.85546875 0.4082031250000001 0.8203125 0.4082031250000001 0.8203125 0.4648437500000001 0.85546875 0.4648437500000001