0 0.48046875000000006 0.4296875000000001 0.45703125 0.4296875000000001 0.45703125000000006 0.4687500000000001 0.4804687500000001 0.4687500000000001
0 0.40039062500000006 0.419921875 0.376953125 0.419921875 0.37695312500000006 0.4609375 0.4003906250000001 0.4609375
0 0.345703125 0.38671875 0.32421875 0.38671875 0.32421875 0.42578125 0.345703125 0.42578125
0 0.34765625000000006 0.427734375 0.318359375 0.427734375 0.31835937500000006 0.455078125 0.3476562500000001 0.455078125
0 0.306640625 0.41015625 0.27734375 0.41015625 0.27734375 0.451171875 0.306640625 0.451171875
0 0.263671875 0.388671875 0.23828125000000006 0.388671875 0.23828125000000006 0.431640625 0.263671875 0.431640625
0 0.20898437500000006 0.357421875 0.16015625000000006 0.357421875 0.16015625000000006 0.3984375 0.20898437500000006 0.3984375
0 0.404296875 0.2578125 0.369140625 0.2578125 0.369140625 0.3046875 0.404296875 0.3046875
0 0.15625000000000006 0.45703125 0.11718750000000006 0.45703125 0.11718750000000006 0.490234375 0.15625000000000006 0.490234375
0 0.19140625000000006 0.42578125 0.16406250000000006 0.42578125 0.16406250000000006 0.458984375 0.19140625000000006 0.458984375
0 0.22460937500000006 0.55078125 0.19921875000000006 0.55078125 0.19921875000000006 0.5859375 0.22460937500000006 0.5859375
0 0.2695312500000001 0.55078125 0.24414062500000006 0.55078125 0.24414062500000006 0.578125 0.2695312500000001 0.578125
0 0.16210937500000006 0.548828125 0.13085937500000006 0.548828125 0.13085937500000006 0.583984375 0.16210937500000006 0.583984375
0 0.15039062500000006 0.509765625 0.13085937500000006 0.509765625 0.13085937500000006 0.533203125 0.15039062500000006 0.533203125
0 0.12304687500000006 0.388671875 0.09960937500000006 0.388671875 0.09960937500000006 0.427734375 0.12304687500000006 0.427734375
0 0.13281250000000006 0.560546875 0.11523437500000006 0.560546875 0.11523437500000007 0.58984375 0.13281250000000006 0.58984375
0 0.2675781250000001 0.6953125 0.2382812500000001 0.6953125 0.2382812500000001 0.734375 0.2675781250000001 0.734375
0 0.2734375000000001 0.765625 0.2402343750000001 0.765625 0.2402343750000001 0.796875 0.2734375000000001 0.796875
0 0.3945312500000001 0.7578125 0.3710937500000001 0.7578125 0.3710937500000001 0.791015625 0.3945312500000001 0.791015625
0 0.4257812500000001 0.734375 0.3945312500000001 0.734375 0.3945312500000001 0.771484375 0.4257812500000001 0.771484375
0 0.4941406250000001 0.71484375 0.4687500000000001 0.71484375 0.4687500000000001 0.744140625 0.4941406250000001 0.744140625
0 0.07812500000000008 0.63671875 0.05468750000000008 0.63671875 0.05468750000000008 0.6640625 0.07812500000000008 0.6640625
0 0.07617187500000008 0.6796875 0.05859375000000008 0.6796875 0.05859375000000008 0.703125 0.07617187500000008 0.703125
0 0.07226562500000008 0.71484375 0.05078125000000008 0.71484375 0.05078125000000009 0.748046875 0.07226562500000008 0.748046875
0 0.1308593750000001 0.876953125 0.11328125000000011 0.876953125 0.11328125000000011 0.91015625 0.1308593750000001 0.91015625
3 0.2363281250000001 0.916015625 0.2070312500000001 0.916015625 0.2070312500000001 1 0.2363281250000001 1
3 0.4511718750000001 0.90234375 0.4140625000000001 0.90234375 0.4140625000000001 0.982421875 0.4511718750000001 0.982421875
3 0.6035156250000001 0.900390625 0.568359375 0.900390625 0.5683593750000001 0.984375 0.6035156250000002 0.984375
3 0.619140625 0.76953125 0.58203125 0.76953125 0.58203125 0.865234375 0.619140625 0.865234375
3 0.65234375 0.720703125 0.61328125 0.720703125 0.61328125 0.8046875 0.65234375 0.8046875
3 0.798828125 0.630859375 0.75390625 0.630859375 0.75390625 0.728515625 0.798828125 0.728515625
3 0.775390625 0.1289062500000001 0.736328125 0.1289062500000001 0.736328125 0.2128906250000001 0.775390625 0.2128906250000001
3 0.669921875 0.02734375000000008 0.62109375 0.027343750000000076 0.62109375 0.07226562500000008 0.669921875 0.07226562500000008
3 0.896484375 0.03710937500000011 0.87109375 0.03710937500000011 0.87109375 0.07812500000000011 0.896484375 0.07812500000000011
3 0.869140625 0.031250000000000104 0.837890625 0.0312500000000001 0.837890625 0.060546875000000104 0.869140625 0.06054687500000011
3 0.96875 0.3203125000000001 0.939453125 0.3203125000000001 0.939453125 0.4062500000000001 0.96875 0.4062500000000001
3 0.294921875 0.10351562500000003 0.2578125 0.10351562500000003 0.2578125 0.17382812500000006 0.294921875 0.17382812500000006
3 0.181640625 0.10742187500000003 0.154296875 0.10742187500000003 0.154296875 0.171875 0.181640625 0.171875
4 0.08789062500000006 0.412109375 0.060546875000000056 0.412109375 0.060546875000000056 0.484375 0.08789062500000006 0.484375
4 0.548828125 0.3769531250000001 0.517578125 0.3769531250000001 0.517578125 0.537109375 0.548828125 0.537109375
4 0.62109375 0.4960937500000001 0.58984375 0.4960937500000001 0.58984375 0.681640625 0.62109375 0.681640625
4 0.4667968750000001 0.59765625 0.4335937500000001 0.59765625 0.4335937500000001 0.7578125 0.4667968750000001 0.7578125
2 0.515625 0.4199218750000001 0.482421875 0.4199218750000001 0.48242187500000006 0.515625 0.515625 0.515625