5 0.591796875 0.3457031250000001 0.556640625 0.3457031250000001 0.556640625 0.4199218750000001 0.591796875 0.4199218750000001
5 0.607421875 0.2890625000000001 0.57421875 0.2890625000000001 0.57421875 0.3730468750000001 0.607421875 0.3730468750000001
5 0.646484375 0.3593750000000001 0.60546875 0.3593750000000001 0.60546875 0.4414062500000001 0.646484375 0.4414062500000001
5 0.62109375 0.4179687500000001 0.591796875 0.4179687500000001 0.591796875 0.4941406250000001 0.62109375 0.4941406250000001
5 0.759765625 0.2675781250000001 0.724609375 0.2675781250000001 0.724609375 0.3535156250000001 0.759765625 0.3535156250000001
5 0.806640625 0.2695312500000001 0.765625 0.2695312500000001 0.765625 0.3339843750000001 0.806640625 0.3339843750000001
5 0.830078125 0.2265625000000001 0.79296875 0.2265625000000001 0.79296875 0.3027343750000001 0.830078125 0.3027343750000001
5 0.865234375 0.1972656250000001 0.826171875 0.1972656250000001 0.826171875 0.2734375000000001 0.865234375 0.2734375000000001
5 0.974609375 0.3496093750000001 0.9375 0.3496093750000001 0.9375 0.4296875000000001 0.974609375 0.4296875000000001
5 1 0.7226562500000002 0.9609375 0.7226562500000002 0.9609375 0.8164062500000002 1 0.8164062500000002
5 0.7597656250000001 0.89453125 0.71484375 0.89453125 0.7148437500000001 0.986328125 0.7597656250000002 0.986328125
5 0.396484375 0.11328125000000006 0.35546875 0.11328125000000006 0.35546875 0.19726562500000006 0.396484375 0.19726562500000006
5 0.6015625 0.07812500000000007 0.546875 0.07812500000000006 0.546875 0.15625000000000006 0.6015625 0.15625000000000006
5 0.3515625 0.02734375000000004 0.314453125 0.02734375000000004 0.314453125 0.10546875000000004 0.3515625 0.10546875000000006
0 0.12109375000000006 0.435546875 0.09179687500000006 0.435546875 0.09179687500000006 0.49609375 0.12109375000000006 0.49609375
0 0.35546875 0.24218750000000006 0.328125 0.24218750000000006 0.328125 0.30859375 0.35546875 0.30859375
0 0.634765625 0.031250000000000076 0.607421875 0.03125000000000007 0.607421875 0.07812500000000008 0.634765625 0.07812500000000008
0 0.91015625 0.1250000000000001 0.8828125 0.1250000000000001 0.8828125 0.1914062500000001 0.91015625 0.1914062500000001
0 0.78125 0.2343750000000001 0.759765625 0.2343750000000001 0.759765625 0.2832031250000001 0.78125 0.2832031250000001
0 0.693359375 0.2675781250000001 0.671875 0.2675781250000001 0.671875 0.3261718750000001 0.693359375 0.3261718750000001
0 0.669921875 0.2792968750000001 0.642578125 0.2792968750000001 0.642578125 0.3496093750000001 0.669921875 0.3496093750000001
0 0.6796875 0.3398437500000001 0.654296875 0.3398437500000001 0.654296875 0.3984375000000001 0.6796875 0.3984375000000001
0 0.69921875 0.3671875000000001 0.677734375 0.3671875000000001 0.677734375 0.4160156250000001 0.69921875 0.4160156250000001
0 0.66796875 0.3906250000000001 0.650390625 0.3906250000000001 0.650390625 0.4277343750000001 0.66796875 0.4277343750000001
0 0.64453125 0.3359375000000001 0.615234375 0.3359375000000001 0.615234375 0.3730468750000001 0.64453125 0.3730468750000001
0 0.58984375 0.4062500000000001 0.56640625 0.4062500000000001 0.56640625 0.4667968750000001 0.58984375 0.4667968750000001
0 0.876953125 0.75390625 0.8515625 0.75390625 0.8515625 0.814453125 0.876953125 0.814453125
0 0.8828125000000001 0.900390625 0.853515625 0.900390625 0.8535156250000001 0.97265625 0.8828125000000002 0.97265625
5 0.720703125 0.501953125 0.677734375 0.501953125 0.677734375 0.583984375 0.720703125 0.583984375