2 0.52734375 0.4062500000000001 0.466796875 0.4062500000000001 0.46679687500000006 0.5234375 0.52734375 0.5234375
5 0.3828125000000001 0.55078125 0.3437500000000001 0.55078125 0.3437500000000001 0.625 0.3828125000000001 0.625
5 0.587890625 0.60546875 0.546875 0.60546875 0.546875 0.685546875 0.587890625 0.685546875
5 0.693359375 0.55859375 0.658203125 0.55859375 0.658203125 0.640625 0.693359375 0.640625
5 0.564453125 0.685546875 0.51953125 0.685546875 0.51953125 0.783203125 0.564453125 0.783203125
5 0.2773437500000001 0.759765625 0.2382812500000001 0.759765625 0.2382812500000001 0.83984375 0.2773437500000001 0.83984375
5 0.2265625000000001 0.884765625 0.1914062500000001 0.884765625 0.1914062500000001 0.95703125 0.2265625000000001 0.95703125
5 0.1601562500000001 0.939453125 0.1250000000000001 0.939453125 0.1250000000000001 1 0.1601562500000001 1
5 1 0.6523437500000002 0.978515625 0.6523437500000002 0.978515625 0.7285156250000002 1 0.7285156250000002
0 0.31835937500000006 0.435546875 0.287109375 0.435546875 0.28710937500000006 0.46875 0.3183593750000001 0.46875
0 0.2792968750000001 0.4609375 0.24804687500000006 0.4609375 0.24804687500000006 0.49609375 0.2792968750000001 0.49609375
0 0.20898437500000006 0.3984375 0.18945312500000006 0.3984375 0.18945312500000006 0.427734375 0.20898437500000006 0.427734375
0 0.19335937500000006 0.40625 0.17187500000000006 0.40625 0.17187500000000006 0.43359375 0.19335937500000006 0.43359375
0 0.18554687500000006 0.361328125 0.16406250000000006 0.361328125 0.16406250000000006 0.3984375 0.18554687500000006 0.3984375
0 0.12304687500000006 0.49609375 0.08789062500000006 0.49609375 0.08789062500000006 0.53125 0.12304687500000006 0.53125
0 0.2851562500000001 0.646484375 0.2675781250000001 0.646484375 0.2675781250000001 0.66796875 0.2851562500000001 0.66796875
0 0.4492187500000001 0.51953125 0.4316406250000001 0.51953125 0.4316406250000001 0.541015625 0.4492187500000001 0.541015625
0 0.67578125 0.693359375 0.64453125 0.693359375 0.64453125 0.734375 0.67578125 0.734375
0 0.5820312500000002 0.943359375 0.5585937500000002 0.943359375 0.5585937500000002 0.970703125 0.5820312500000002 0.970703125
0 0.46484375 0.07421875000000006 0.4453125 0.07421875000000006 0.4453125 0.09179687500000006 0.46484375 0.09179687500000006
4 0.5078125 0.58203125 0.4550781250000001 0.58203125 0.4550781250000001 0.76171875 0.5078125 0.76171875
4 0.3281250000000001 0.58203125 0.2910156250000001 0.58203125 0.2910156250000001 0.75390625 0.3281250000000001 0.75390625
4 0.583984375 0.5625 0.55859375 0.5625 0.55859375 0.65625 0.583984375 0.65625
4 0.1542968750000001 0.712890625 0.11718750000000008 0.712890625 0.11718750000000008 0.76953125 0.1542968750000001 0.76953125