0 0.07617187500000007 0.513671875 0.025390625000000062 0.513671875 0.025390625000000066 0.572265625 0.07617187500000008 0.572265625
0 0.03320312500000009 0.685546875 8.395527861342207e-17 0.685546875 8.766270544677831e-17 0.74609375 0.0332031250000001 0.74609375
0 0.03125000000000003 0.173828125 2.12878056883036e-17 0.173828125 2.5951987833493716e-17 0.25 0.03125000000000003 0.25
0 0.98828125 0.3085937500000001 0.94921875 0.3085937500000001 0.94921875 0.3632812500000001 0.98828125 0.3632812500000001
0 0.9921875 0.4160156250000001 0.935546875 0.4160156250000001 0.935546875 0.4589843750000001 0.9921875 0.4589843750000001
0 0.982421875 0.6250000000000002 0.943359375 0.6250000000000002 0.943359375 0.6738281250000002 0.982421875 0.6738281250000002
0 0.5664062500000002 0.927734375 0.5253906250000002 0.927734375 0.5253906250000002 0.974609375 0.5664062500000002 0.974609375
0 0.3808593750000001 0.955078125 0.3320312500000001 0.955078125 0.3320312500000001 0.998046875 0.3808593750000001 0.998046875
0 0.2792968750000001 0.908203125 0.2324218750000001 0.908203125 0.2324218750000001 0.955078125 0.2792968750000001 0.955078125
0 0.1914062500000001 0.90234375 0.1269531250000001 0.90234375 0.1269531250000001 0.982421875 0.1914062500000001 0.982421875
2 0.53125 0.4042968750000001 0.466796875 0.4042968750000001 0.46679687500000006 0.52734375 0.53125 0.52734375