0 0.04687500000000006 0.505859375 6.194990644124306e-17 0.505859375 6.505936120470315e-17 0.556640625 0.04687500000000007 0.556640625
0 0.599609375 0.05859375000000007 0.556640625 0.05859375000000007 0.556640625 0.11718750000000007 0.599609375 0.11718750000000008
0 0.5 0.8515625 0.4433593750000001 0.8515625 0.4433593750000001 0.900390625 0.5 0.900390625
0 0.3320312500000001 0.8828125 0.2890625000000001 0.8828125 0.2890625000000001 0.93359375 0.3320312500000001 0.93359375
0 0.2324218750000001 0.8515625 0.1914062500000001 0.8515625 0.1914062500000001 0.892578125 0.2324218750000001 0.892578125
0 0.1523437500000001 0.869140625 0.10742187500000011 0.869140625 0.10742187500000011 0.91796875 0.1523437500000001 0.91796875
0 0.87109375 0.6015625 0.814453125 0.6015625 0.814453125 0.669921875 0.87109375 0.669921875
0 0.7871093750000002 0.935546875 0.7304687500000002 0.935546875 0.7304687500000002 0.986328125 0.7871093750000002 0.986328125
0 0.869140625 0.4121093750000001 0.828125 0.4121093750000001 0.828125 0.4648437500000001 0.869140625 0.4648437500000001
0 0.875 0.3222656250000001 0.8203125 0.3222656250000001 0.8203125 0.3750000000000001 0.875 0.3750000000000001
0 0.958984375 0.1542968750000001 0.91015625 0.1542968750000001 0.91015625 0.2109375000000001 0.958984375 0.2109375000000001
0 0.875 0.08593750000000011 0.837890625 0.08593750000000011 0.837890625 0.1445312500000001 0.875 0.1445312500000001
2 0.529296875 0.4160156250000001 0.47265625 0.4160156250000001 0.47265625000000006 0.521484375 0.529296875 0.521484375