2 0.525390625 0.4140625000000001 0.474609375 0.4140625000000001 0.47460937500000006 0.5234375 0.525390625 0.5234375
6 0.8671875 0.515625 0.818359375 0.515625 0.818359375 0.634765625 0.8671875 0.634765625
0 0.69921875 0.4277343750000001 0.650390625 0.4277343750000001 0.650390625 0.4824218750000001 0.69921875 0.4824218750000001
0 0.70703125 0.3574218750000001 0.654296875 0.3574218750000001 0.654296875 0.4023437500000001 0.70703125 0.4023437500000001
0 0.794921875 0.1972656250000001 0.7421875 0.1972656250000001 0.7421875 0.2578125000000001 0.794921875 0.2578125000000001
0 0.712890625 0.14257812500000008 0.669921875 0.14257812500000006 0.669921875 0.20312500000000008 0.712890625 0.2031250000000001
0 0.75390625 0.11914062500000008 0.703125 0.11914062500000008 0.703125 0.1679687500000001 0.75390625 0.1679687500000001
0 0.814453125 0.015625000000000097 0.767578125 0.015625000000000097 0.767578125 0.0664062500000001 0.814453125 0.06640625000000011
0 0.48828125 0.14453125000000006 0.427734375 0.14453125000000006 0.427734375 0.18554687500000006 0.48828125 0.18554687500000006
0 0.3945312500000001 0.78515625 0.3417968750000001 0.78515625 0.3417968750000001 0.841796875 0.3945312500000001 0.841796875
0 0.697265625 0.58984375 0.6484375 0.58984375 0.6484375 0.638671875 0.697265625 0.638671875
0 0.6308593750000001 0.873046875 0.5859375 0.873046875 0.5859375000000001 0.927734375 0.6308593750000002 0.927734375
0 0.2421875000000001 0.830078125 0.2011718750000001 0.830078125 0.2011718750000001 0.890625 0.2421875000000001 0.890625
0 0.1503906250000001 0.810546875 0.11132812500000011 0.810546875 0.11132812500000011 0.869140625 0.1503906250000001 0.869140625
0 0.07617187500000011 0.826171875 0.023437500000000104 0.826171875 0.023437500000000108 0.904296875 0.07617187500000011 0.904296875
4 0.931640625 0.4277343750000001 0.8828125 0.4277343750000001 0.8828125 0.6074218750000001 0.931640625 0.6074218750000002