5 0.669921875 0.2832031250000001 0.626953125 0.2832031250000001 0.626953125 0.3574218750000001 0.669921875 0.3574218750000001
5 0.724609375 0.2773437500000001 0.68359375 0.2773437500000001 0.68359375 0.3671875000000001 0.724609375 0.3671875000000001
5 0.703125 0.23828125000000008 0.654296875 0.23828125000000006 0.654296875 0.3046875000000001 0.703125 0.3046875000000001
5 0.80078125 0.1601562500000001 0.765625 0.1601562500000001 0.765625 0.2265625000000001 0.80078125 0.2265625000000001
5 0.861328125 0.1679687500000001 0.818359375 0.1679687500000001 0.818359375 0.2480468750000001 0.861328125 0.2480468750000001
5 0.884765625 0.1289062500000001 0.84375 0.1289062500000001 0.84375 0.2031250000000001 0.884765625 0.2031250000000001
5 0.91015625 0.10351562500000011 0.8671875 0.10351562500000011 0.8671875 0.1953125000000001 0.91015625 0.1953125000000001
5 0.607421875 0.15820312500000006 0.556640625 0.15820312500000006 0.556640625 0.23828125000000006 0.607421875 0.23828125000000006
5 0.59765625 0.08203125000000007 0.546875 0.08203125000000006 0.546875 0.14453125000000006 0.59765625 0.14453125000000006
5 0.7890625 0.61328125 0.748046875 0.61328125 0.748046875 0.689453125 0.7890625 0.689453125
5 0.728515625 0.744140625 0.6875 0.744140625 0.6875 0.818359375 0.728515625 0.818359375
5 0.572265625 0.646484375 0.52734375 0.646484375 0.52734375 0.73046875 0.572265625 0.73046875
0 0.544921875 0.59375 0.517578125 0.59375 0.517578125 0.6484375 0.544921875 0.6484375
0 0.609375 0.4375000000000001 0.580078125 0.4375000000000001 0.580078125 0.4960937500000001 0.609375 0.4960937500000001
0 0.578125 0.3750000000000001 0.55078125 0.3750000000000001 0.55078125 0.4277343750000001 0.578125 0.4277343750000001
0 0.818359375 0.2949218750000001 0.796875 0.2949218750000001 0.796875 0.3554687500000001 0.818359375 0.3554687500000001
0 0.806640625 0.2949218750000001 0.775390625 0.2949218750000001 0.775390625 0.3457031250000001 0.806640625 0.3457031250000001
0 0.845703125 0.2363281250000001 0.8203125 0.2363281250000001 0.8203125 0.2871093750000001 0.845703125 0.2871093750000001
0 0.8125 0.2167968750000001 0.787109375 0.2167968750000001 0.787109375 0.2656250000000001 0.8125 0.2656250000000001
0 0.80078125 0.1230468750000001 0.771484375 0.12304687500000008 0.771484375 0.1875000000000001 0.80078125 0.1875000000000001
0 0.73828125 0.10351562500000008 0.7109375 0.10351562500000008 0.7109375 0.1503906250000001 0.73828125 0.1503906250000001
0 0.759765625 0.03125000000000009 0.732421875 0.03125000000000008 0.732421875 0.07812500000000008 0.759765625 0.07812500000000008
0 0.716796875 0.12109375000000008 0.693359375 0.12109375000000008 0.693359375 0.1621093750000001 0.716796875 0.1621093750000001
0 0.724609375 0.1601562500000001 0.697265625 0.1601562500000001 0.697265625 0.2265625000000001 0.724609375 0.2265625000000001
0 0.697265625 0.17187500000000008 0.658203125 0.17187500000000006 0.658203125 0.2539062500000001 0.697265625 0.2539062500000001
2 0.52734375 0.4121093750000001 0.4765625 0.4121093750000001 0.47656250000000006 0.515625 0.52734375 0.515625