2 0.52734375 0.4140625000000001 0.4765625 0.4140625000000001 0.47656250000000006 0.517578125 0.52734375 0.517578125
0 0.283203125 0.20507812500000006 0.244140625 0.20507812500000006 0.24414062500000003 0.251953125 0.283203125 0.251953125
0 0.3984375 0.22070312500000006 0.361328125 0.22070312500000006 0.361328125 0.259765625 0.3984375 0.259765625
0 0.421875 0.18945312500000006 0.37890625 0.18945312500000006 0.37890625 0.22460937500000006 0.421875 0.22460937500000006
0 0.443359375 0.24804687500000006 0.396484375 0.24804687500000006 0.396484375 0.287109375 0.443359375 0.287109375
0 0.470703125 0.08398437500000006 0.427734375 0.08398437500000006 0.427734375 0.12109375000000006 0.470703125 0.12109375000000006
0 0.3808593750000001 0.5 0.3378906250000001 0.5 0.3378906250000001 0.54296875 0.3808593750000001 0.54296875
0 0.24609375000000006 0.498046875 0.20703125000000006 0.498046875 0.20703125000000006 0.54296875 0.24609375000000006 0.54296875
0 0.2109375000000001 0.705078125 0.1816406250000001 0.705078125 0.1816406250000001 0.736328125 0.2109375000000001 0.736328125
0 0.10937500000000007 0.556640625 0.07812500000000006 0.556640625 0.07812500000000007 0.607421875 0.10937500000000008 0.607421875
0 0.03515625000000007 0.5546875 6.792962714020475e-17 0.5546875 7.127827073162329e-17 0.609375 0.03515625000000007 0.609375
0 0.818359375 0.3984375000000001 0.779296875 0.3984375000000001 0.779296875 0.4492187500000001 0.818359375 0.4492187500000001
6 0.5859375 0.3906250000000001 0.54296875 0.3906250000000001 0.54296875 0.4707031250000001 0.5859375 0.4707031250000001
4 0.66015625 0.2597656250000001 0.60546875 0.2597656250000001 0.60546875 0.4570312500000001 0.66015625 0.4570312500000001
4 0.736328125 0.3789062500000001 0.69140625 0.3789062500000001 0.69140625 0.4609375000000001 0.736328125 0.4609375000000001