3 0.626953125 0.2734375000000001 0.580078125 0.2734375000000001 0.580078125 0.3593750000000001 0.626953125 0.3593750000000001
3 0.724609375 0.1269531250000001 0.681640625 0.1269531250000001 0.681640625 0.2031250000000001 0.724609375 0.2031250000000001
3 0.75 0.1289062500000001 0.712890625 0.1289062500000001 0.712890625 0.2304687500000001 0.75 0.2304687500000001
3 0.814453125 0.4277343750000001 0.77734375 0.4277343750000001 0.77734375 0.5 0.814453125 0.5
3 0.857421875 0.697265625 0.822265625 0.697265625 0.822265625 0.787109375 0.857421875 0.787109375
3 0.662109375 0.666015625 0.609375 0.666015625 0.609375 0.75390625 0.662109375 0.75390625
3 0.5390625 0.759765625 0.4921875000000001 0.759765625 0.4921875000000001 0.837890625 0.5390625 0.837890625
3 0.4902343750000001 0.771484375 0.4511718750000001 0.771484375 0.4511718750000001 0.865234375 0.4902343750000001 0.865234375
3 0.4960937500000001 0.896484375 0.4492187500000001 0.896484375 0.4492187500000001 0.982421875 0.4960937500000001 0.982421875
3 0.3750000000000001 0.900390625 0.3281250000000001 0.900390625 0.3281250000000001 0.97265625 0.3750000000000001 0.97265625
3 0.1796875000000001 0.939453125 0.1445312500000001 0.939453125 0.1445312500000001 0.99609375 0.1796875000000001 0.99609375
3 0.25 0.24023437500000003 0.20507812500000006 0.240234375 0.20507812500000006 0.32421875 0.25 0.32421875
3 0.13671875000000003 0.224609375 0.09570312500000003 0.224609375 0.09570312500000003 0.302734375 0.13671875000000006 0.302734375
3 0.537109375 0.18750000000000006 0.498046875 0.18750000000000006 0.498046875 0.2675781250000001 0.537109375 0.2675781250000001
3 0.517578125 0.13085937500000006 0.474609375 0.13085937500000006 0.474609375 0.20703125000000006 0.517578125 0.20703125000000006
2 0.51953125 0.4199218750000001 0.4765625 0.4199218750000001 0.47656250000000006 0.509765625 0.51953125 0.509765625
4 0.4550781250000001 0.46679687500000006 0.4023437500000001 0.466796875 0.4023437500000001 0.625 0.4550781250000001 0.625
4 0.529296875 0.5859375 0.4726562500000001 0.5859375 0.4726562500000001 0.76953125 0.529296875 0.76953125
4 0.3730468750000001 0.67578125 0.3300781250000001 0.67578125 0.3300781250000001 0.8515625 0.3730468750000001 0.8515625
4 0.2050781250000001 0.79296875 0.1679687500000001 0.79296875 0.1679687500000001 0.912109375 0.2050781250000001 0.912109375
0 0.16992187500000006 0.509765625 0.14257812500000006 0.509765625 0.14257812500000006 0.5625 0.16992187500000006 0.5625
0 0.17578125000000006 0.447265625 0.14648437500000006 0.447265625 0.14648437500000006 0.521484375 0.17578125000000006 0.521484375
0 0.24023437500000006 0.46875 0.20703125000000006 0.46875 0.20703125000000006 0.546875 0.24023437500000006 0.546875
0 0.2792968750000001 0.4765625 0.24804687500000006 0.4765625 0.24804687500000006 0.5546875 0.2792968750000001 0.5546875
0 0.3281250000000001 0.5078125 0.2871093750000001 0.5078125 0.2871093750000001 0.5703125 0.3281250000000001 0.5703125
0 0.3261718750000001 0.466796875 0.2949218750000001 0.466796875 0.2949218750000001 0.51171875 0.3261718750000001 0.51171875
0 0.3691406250000001 0.484375 0.3398437500000001 0.484375 0.3398437500000001 0.55859375 0.3691406250000001 0.55859375
0 0.36328125000000006 0.39453125 0.337890625 0.39453125 0.33789062500000006 0.455078125 0.3632812500000001 0.455078125
0 0.4160156250000001 0.662109375 0.3925781250000001 0.662109375 0.3925781250000001 0.712890625 0.4160156250000001 0.712890625
0 0.3320312500000001 0.705078125 0.3027343750000001 0.705078125 0.3027343750000001 0.771484375 0.3320312500000001 0.771484375
0 0.3281250000000001 0.77734375 0.2988281250000001 0.77734375 0.2988281250000001 0.837890625 0.3281250000000001 0.837890625
0 0.2324218750000001 0.7109375 0.1953125000000001 0.7109375 0.1953125000000001 0.779296875 0.2324218750000001 0.779296875
0 0.17773437500000008 0.634765625 0.15820312500000006 0.634765625 0.15820312500000008 0.6875 0.1777343750000001 0.6875
0 0.16601562500000006 0.61328125 0.14648437500000006 0.61328125 0.14648437500000006 0.65234375 0.16601562500000006 0.65234375
0 0.16601562500000006 0.576171875 0.14453125000000006 0.576171875 0.14453125000000006 0.623046875 0.16601562500000006 0.623046875
0 0.09960937500000006 0.482421875 0.07421875000000006 0.482421875 0.07421875000000006 0.5390625 0.09960937500000006 0.5390625
0 0.10351562500000008 0.65234375 0.08007812500000008 0.65234375 0.08007812500000008 0.703125 0.10351562500000008 0.703125
0 0.08789062500000008 0.669921875 0.06835937500000008 0.669921875 0.06835937500000008 0.73046875 0.08789062500000008 0.73046875
0 0.05859375000000008 0.646484375 0.04101562500000008 0.646484375 0.04101562500000008 0.736328125 0.05859375000000008 0.736328125
0 0.09375000000000011 0.89453125 0.07421875000000011 0.89453125 0.07421875000000011 0.953125 0.09375000000000011 0.953125