3 0.703125 0.24414062500000008 0.669921875 0.24414062500000006 0.669921875 0.3281250000000001 0.703125 0.3281250000000001
3 0.611328125 0.12304687500000008 0.572265625 0.12304687500000008 0.572265625 0.21679687500000006 0.611328125 0.21679687500000006
3 0.58203125 0.08203125000000007 0.55078125 0.08203125000000006 0.55078125 0.18359375000000006 0.58203125 0.18359375000000006
3 0.796875 0.0976562500000001 0.755859375 0.09765625000000008 0.755859375 0.1757812500000001 0.796875 0.1757812500000001
3 0.837890625 0.10937500000000011 0.80078125 0.10937500000000011 0.80078125 0.1875000000000001 0.837890625 0.1875000000000001
3 0.900390625 0.4101562500000001 0.869140625 0.4101562500000001 0.869140625 0.50390625 0.900390625 0.50390625
3 0.732421875 0.701171875 0.693359375 0.701171875 0.693359375 0.783203125 0.732421875 0.783203125
3 0.9453125 0.7089843750000002 0.912109375 0.7089843750000002 0.912109375 0.7851562500000002 0.9453125 0.7851562500000002
3 0.595703125 0.767578125 0.5625 0.767578125 0.5625 0.8515625 0.595703125 0.8515625
3 0.56640625 0.80859375 0.525390625 0.80859375 0.525390625 0.900390625 0.56640625 0.900390625
3 0.5566406250000002 0.9375 0.5175781250000002 0.9375 0.5175781250000002 1 0.5566406250000002 1
3 0.4257812500000001 0.93359375 0.3808593750000001 0.93359375 0.3808593750000001 1 0.4257812500000001 1
3 0.2226562500000001 0.96875 0.1953125000000001 0.96875 0.1953125000000001 1 0.2226562500000001 1
3 0.08203125000000006 0.494140625 0.052734375000000056 0.494140625 0.05273437500000006 0.56640625 0.08203125000000006 0.56640625
3 0.17382812500000003 0.216796875 0.142578125 0.216796875 0.14257812500000003 0.29296875 0.17382812500000006 0.29296875
3 0.275390625 0.21093750000000006 0.240234375 0.21093750000000006 0.24023437500000003 0.30078125 0.275390625 0.30078125
0 0.3085937500000001 0.5 0.2792968750000001 0.5 0.2792968750000001 0.544921875 0.3085937500000001 0.544921875
0 0.3984375 0.388671875 0.365234375 0.388671875 0.365234375 0.435546875 0.3984375 0.435546875
0 0.4023437500000001 0.517578125 0.3808593750000001 0.517578125 0.3808593750000001 0.54296875 0.4023437500000001 0.54296875
0 0.3496093750000001 0.521484375 0.3281250000000001 0.521484375 0.3281250000000001 0.552734375 0.3496093750000001 0.552734375
0 0.3554687500000001 0.490234375 0.3320312500000001 0.490234375 0.3320312500000001 0.513671875 0.3554687500000001 0.513671875
0 0.2636718750000001 0.494140625 0.24609375000000006 0.494140625 0.24609375000000006 0.51953125 0.2636718750000001 0.51953125
0 0.21484375000000006 0.451171875 0.17578125000000006 0.451171875 0.17578125000000006 0.494140625 0.21484375000000006 0.494140625
0 0.20117187500000006 0.517578125 0.17187500000000006 0.517578125 0.17187500000000006 0.546875 0.20117187500000006 0.546875
0 0.22656250000000006 0.603515625 0.20898437500000006 0.603515625 0.20898437500000006 0.623046875 0.22656250000000006 0.623046875
0 0.20898437500000006 0.630859375 0.19531250000000006 0.630859375 0.19531250000000006 0.64453125 0.20898437500000006 0.64453125
0 0.23242187500000006 0.64453125 0.21289062500000006 0.64453125 0.21289062500000006 0.6640625 0.23242187500000006 0.6640625
0 0.2636718750000001 0.74609375 0.2343750000000001 0.74609375 0.2343750000000001 0.77734375 0.2636718750000001 0.77734375
0 0.2343750000000001 0.8125 0.2128906250000001 0.8125 0.2128906250000001 0.84375 0.2343750000000001 0.84375
0 0.3789062500000001 0.830078125 0.3593750000000001 0.830078125 0.3593750000000001 0.8515625 0.3789062500000001 0.8515625
0 0.3906250000000001 0.7578125 0.3574218750000001 0.7578125 0.3574218750000001 0.78125 0.3906250000000001 0.78125
0 0.4589843750000001 0.72265625 0.4375000000000001 0.72265625 0.4375000000000001 0.744140625 0.4589843750000001 0.744140625
0 0.12109375000000008 0.689453125 0.09960937500000008 0.689453125 0.09960937500000008 0.7109375 0.12109375000000008 0.7109375
0 0.10937500000000008 0.642578125 0.09179687500000008 0.642578125 0.09179687500000008 0.6640625 0.10937500000000008 0.6640625
0 0.11523437500000008 0.5859375 0.09570312500000008 0.5859375 0.09570312500000008 0.607421875 0.11523437500000008 0.607421875
0 0.10742187500000007 0.5390625 0.08593750000000006 0.5390625 0.08593750000000007 0.568359375 0.10742187500000008 0.568359375
0 0.12890625000000006 0.48828125 0.11132812500000006 0.48828125 0.11132812500000006 0.509765625 0.12890625000000006 0.509765625
0 0.08203125000000008 0.703125 0.05664062500000008 0.703125 0.05664062500000008 0.73046875 0.08203125000000008 0.73046875
0 0.13476562500000008 0.66015625 0.11328125000000008 0.66015625 0.11328125000000008 0.681640625 0.1347656250000001 0.681640625
2 0.51953125 0.4179687500000001 0.48046875 0.4179687500000001 0.48046875000000006 0.51171875 0.51953125 0.51171875
4 0.5078125 0.4824218750000001 0.4726562500000001 0.4824218750000001 0.4726562500000001 0.638671875 0.5078125 0.638671875
4 0.587890625 0.58203125 0.541015625 0.58203125 0.541015625 0.767578125 0.587890625 0.767578125
4 0.4453125000000001 0.673828125 0.3945312500000001 0.673828125 0.3945312500000001 0.8671875 0.4453125000000001 0.8671875
4 0.2851562500000001 0.794921875 0.2382812500000001 0.794921875 0.2382812500000001 0.908203125 0.2851562500000001 0.908203125