0 0.16210937500000003 0.2109375 0.126953125 0.2109375 0.12695312500000003 0.2578125 0.16210937500000006 0.2578125
0 0.14257812500000006 0.265625 0.10742187500000003 0.265625 0.10742187500000003 0.306640625 0.14257812500000006 0.306640625
0 0.11914062500000003 0.298828125 0.08593750000000003 0.298828125 0.08593750000000003 0.337890625 0.11914062500000003 0.337890625
0 0.16406250000000006 0.30859375 0.12304687500000003 0.30859375 0.12304687500000004 0.35546875 0.16406250000000006 0.35546875
0 0.12695312500000006 0.4453125 0.09179687500000006 0.4453125 0.09179687500000006 0.490234375 0.12695312500000006 0.490234375
0 0.019531250000000035 0.265625 3.2529680602351567e-17 0.265625 3.504116329591548e-17 0.306640625 0.019531250000000035 0.306640625
0 0.7734375 0.51171875 0.732421875 0.51171875 0.732421875 0.548828125 0.7734375 0.548828125
0 0.951171875 0.1289062500000001 0.921875 0.1289062500000001 0.921875 0.1738281250000001 0.951171875 0.1738281250000001
2 0.5234375 0.4199218750000001 0.4765625 0.4199218750000001 0.47656250000000006 0.515625 0.5234375 0.515625
6 0.16992187500000006 0.349609375 0.12304687500000006 0.349609375 0.12304687500000006 0.423828125 0.16992187500000006 0.423828125
4 0.22460937500000006 0.234375 0.18554687500000006 0.234375 0.18554687500000006 0.40234375 0.22460937500000006 0.40234375
4 0.625 0.22460937500000006 0.578125 0.22460937500000006 0.578125 0.4121093750000001 0.625 0.4121093750000001