2 0.52734375 0.4042968750000001 0.466796875 0.4042968750000001 0.46679687500000006 0.521484375 0.52734375 0.521484375
0 0.4042968750000001 0.580078125 0.3476562500000001 0.580078125 0.3476562500000001 0.630859375 0.4042968750000001 0.630859375
0 0.2675781250000001 0.65234375 0.21679687500000006 0.65234375 0.21679687500000008 0.708984375 0.2675781250000001 0.708984375
0 0.17578125000000008 0.63671875 0.13476562500000006 0.63671875 0.13476562500000008 0.68359375 0.1757812500000001 0.68359375
0 0.09765625000000008 0.671875 0.05273437500000008 0.671875 0.05273437500000008 0.720703125 0.09765625000000008 0.720703125
0 0.3769531250000001 0.845703125 0.3437500000000001 0.845703125 0.3437500000000001 0.890625 0.3769531250000001 0.890625
0 0.56640625 0.65234375 0.529296875 0.65234375 0.529296875 0.69921875 0.56640625 0.69921875
0 0.59375 0.4140625000000001 0.5546875 0.4140625000000001 0.5546875 0.4628906250000001 0.59375 0.4628906250000001
0 0.69140625 0.14648437500000008 0.650390625 0.14648437500000006 0.650390625 0.19531250000000008 0.69140625 0.1953125000000001
0 0.6640625 0.07421875000000008 0.615234375 0.07421875000000008 0.615234375 0.13281250000000006 0.6640625 0.13281250000000006
0 0.63671875 0.10937500000000008 0.576171875 0.10937500000000008 0.576171875 0.16992187500000006 0.63671875 0.16992187500000006
0 0.462890625 0.13671875000000006 0.42578125 0.13671875000000006 0.42578125 0.18750000000000006 0.462890625 0.18750000000000006
6 0.826171875 0.4121093750000001 0.775390625 0.4121093750000001 0.775390625 0.521484375 0.826171875 0.521484375
4 0.8984375 0.3105468750000001 0.841796875 0.3105468750000001 0.841796875 0.4980468750000001 0.8984375 0.4980468750000001