2 0.525390625 0.4140625000000001 0.470703125 0.4140625000000001 0.47070312500000006 0.529296875 0.525390625 0.529296875
0 0.548828125 0.3691406250000001 0.4921875 0.3691406250000001 0.4921875 0.4179687500000001 0.548828125 0.4179687500000001
0 0.564453125 0.11914062500000006 0.517578125 0.11914062500000006 0.517578125 0.17382812500000006 0.564453125 0.17382812500000006
0 0.591796875 0.08007812500000007 0.54296875 0.08007812500000006 0.54296875 0.13281250000000006 0.591796875 0.13281250000000006
0 0.625 0.13281250000000006 0.576171875 0.13281250000000006 0.576171875 0.18945312500000006 0.625 0.18945312500000006
0 0.41796875 0.13867187500000006 0.37890625 0.13867187500000006 0.37890625 0.18554687500000006 0.41796875 0.18554687500000006
0 0.3574218750000001 0.521484375 0.3222656250000001 0.521484375 0.3222656250000001 0.572265625 0.3574218750000001 0.572265625
0 0.51953125 0.578125 0.4746093750000001 0.578125 0.4746093750000001 0.634765625 0.51953125 0.634765625
0 0.3417968750000001 0.7734375 0.3105468750000001 0.7734375 0.3105468750000001 0.82421875 0.3417968750000001 0.82421875
0 0.22656250000000006 0.603515625 0.18945312500000006 0.603515625 0.18945312500000006 0.654296875 0.22656250000000006 0.654296875
0 0.14062500000000006 0.59375 0.10546875000000008 0.59375 0.10546875000000008 0.642578125 0.14062500000000006 0.642578125
0 0.06250000000000008 0.623046875 0.019531250000000076 0.623046875 0.01953125000000008 0.669921875 0.06250000000000008 0.669921875
6 0.7734375 0.3964843750000001 0.7265625 0.3964843750000001 0.7265625 0.4746093750000001 0.7734375 0.4746093750000001
4 0.84765625 0.2656250000000001 0.7890625 0.2656250000000001 0.7890625 0.4648437500000001 0.84765625 0.4648437500000001
4 0.921875 0.3847656250000001 0.87109375 0.3847656250000001 0.87109375 0.4707031250000001 0.921875 0.4707031250000001